nlayers 2
nin 380
nhidden 4
nout 1
nwts 1529
w1
0.18482763 0.20336780 0.20864623 0.01455047 
0.00984835 0.06962927 0.03014849 -0.00086341 
0.22920601 0.00975487 0.19612327 -0.04333287 
0.11666891 0.05712623 0.10251066 -0.01162264 
0.06802737 0.05159666 0.11349813 -0.00677225 
0.15536675 0.10548392 0.04910944 0.02221931 
0.20422600 0.13826908 0.15519764 -0.09256754 
0.02661263 0.06423945 0.06580613 0.02703140 
0.09815372 0.04614916 0.12761653 -0.03961904 
0.15589353 0.09250035 0.18499786 -0.05108621 
0.11439574 -0.05357839 0.25248263 0.06101339 
0.08286443 0.12183912 0.22717557 -0.00211671 
0.22557376 0.08956074 0.17119094 0.04123002 
0.14972706 0.09440566 0.20768747 -0.01817534 
0.01874242 0.04208867 0.16392388 0.05001128 
0.26759293 0.13510317 0.28190382 0.07979330 
0.15395705 0.07126239 0.18367927 0.01658298 
0.08533482 0.04830626 0.12281727 0.03640236 
0.13669771 0.02157441 0.17184073 0.09023278 
0.22127535 0.01620238 0.18631645 0.04455572 
0.20745433 -0.04365520 0.24716907 0.00857656 
0.22225541 0.01287599 0.06734452 -0.01522648 
0.10332995 0.02914471 0.04307583 -0.03933467 
0.06669670 0.12995593 0.10863562 -0.03974063 
0.10172175 0.04933857 0.10793740 -0.00386904 
0.16539100 -0.02712730 0.09116654 0.01593823 
0.12743820 0.05577020 0.15791201 -0.08567725 
0.03673756 0.09690386 0.17847449 0.02566040 
0.17771086 0.08304992 0.18589069 -0.05026865 
0.22743487 0.13334078 0.19468990 -0.05565970 
0.13557778 0.06619798 0.13644922 0.05436793 
0.15380758 -0.01467757 0.11867983 -0.01069862 
0.24591883 0.08208856 0.17072243 0.04402981 
0.07283867 -0.00682858 0.17144772 -0.01288200 
0.06501776 0.04084280 0.13029391 0.04373186 
0.15316119 -0.02045447 0.20251147 0.06529447 
0.13901980 0.07668536 0.18932302 0.01981408 
0.09538815 -0.02657018 0.06439052 0.03124817 
0.10866147 0.06791612 0.08355589 0.08650368 
0.20119807 0.13215354 0.17526502 0.04713279 
0.14211779 0.11384937 0.16075743 0.00127626 
0.15215711 0.08608268 0.10368014 -0.03814873 
0.10709998 0.08479515 0.12583498 -0.03875367 
0.14587071 0.08510132 0.09516864 -0.08589743 
0.01700798 0.08722908 0.11736080 0.00496153 
0.11111658 0.10290764 0.16088359 0.02343273 
0.13294708 0.09614299 0.08854208 -0.07409156 
0.08742955 0.00263248 0.10125357 0.03779997 
0.18908913 0.01012832 0.02022274 -0.06632741 
0.19582174 0.12361393 0.12251588 -0.05936110 
0.14491707 0.01145437 0.20778708 0.06022589 
0.10785999 0.06429411 0.04473504 -0.00419885 
0.19118179 0.09884395 0.18119215 0.04603293 
0.29632458 0.09770684 0.14194144 0.00595032 
0.16559632 0.01616175 0.11682625 0.02227707 
0.09425143 0.09939708 0.23668453 0.05308488 
0.17483260 0.07316384 0.20670947 0.02385482 
0.12112829 0.07611265 0.08766286 0.04600571 
0.14648318 0.06836462 0.22475923 0.06277780 
0.25176800 -0.00057363 0.09743377 0.05894466 
0.24941778 0.13541179 0.14907520 -0.00021670 
0.06554475 -0.01528454 0.15733372 -0.03821507 
0.15591261 0.09816740 0.14066343 -0.03837644 
0.00622347 0.10179340 0.09864403 -0.11308072 
0.09735000 0.03142056 0.01390065 0.01774261 
0.26297690 0.11849209 0.18339084 0.02289052 
0.11338518 0.06118817 0.13490946 -0.04461080 
0.02910762 0.08826059 0.22305021 0.03666262 
0.12898548 -0.05809907 0.11533974 -0.04095946 
0.15225976 0.14398247 0.16938056 -0.04847085 
0.14056540 0.10294573 0.22259841 0.06713046 
0.13424190 0.08887934 0.13162467 -0.00225646 
0.19413925 0.11182946 0.20913431 0.02040826 
0.11067246 0.04141618 0.18807092 0.04763272 
0.10010909 0.04422055 0.07758122 0.02677047 
0.19400040 0.09108380 0.19683576 0.02417061 
0.18828865 0.02710223 0.22621611 0.03121758 
0.13412253 0.03724109 0.11452450 0.04507552 
0.08064490 0.06033554 0.11184130 0.01912509 
0.19837446 0.15219227 0.11097199 0.05949748 
0.18910112 0.09564304 0.11331213 -0.00235946 
0.15907951 0.02322824 0.12840646 -0.04328774 
0.03279846 0.13212267 0.09257921 -0.04096599 
0.14184454 0.04432379 0.08897090 -0.14007996 
0.04813267 -0.02524099 0.02739288 0.03014106 
0.12923040 0.06406252 0.19820551 0.01533378 
0.19485436 0.05045855 0.06648497 -0.03246323 
0.13320405 0.14257244 0.18010043 0.03742324 
0.11729677 0.07832307 0.03032200 -0.04601134 
0.21689278 0.12883153 0.19811180 -0.01513340 
0.23365784 -0.00742128 0.13397445 0.07444165 
0.18180017 0.15765490 0.13948545 -0.01237680 
0.17902367 0.01278196 0.16487895 -0.01431251 
0.22496897 0.08348309 0.12103806 0.07122252 
0.12162225 0.08959365 0.07952175 0.00594573 
0.22254071 0.15390127 0.08995283 0.02898078 
0.20628308 0.16963621 0.08762798 0.02981433 
0.20683574 0.09998962 0.12511482 0.03466308 
0.12734948 0.05481123 0.12414220 0.00974391 
0.19751970 -0.01041021 0.16141459 0.05828547 
0.21301840 -0.08067001 0.13500418 -0.00161070 
0.14527040 0.05956586 0.15119875 -0.04615124 
0.15496002 0.12580661 0.15843177 -0.04323508 
0.10388916 -0.06291841 0.16263709 -0.15522375 
0.11670127 -0.02578826 0.07192240 0.03787112 
0.13320492 0.06399363 0.21504082 -0.02932177 
0.13696374 -0.00005984 0.09769346 -0.04657017 
0.15932378 0.08033236 0.15427742 0.05388200 
0.10747950 0.12149148 0.10627218 -0.05920998 
0.16519316 0.01668499 0.13762763 0.02074537 
0.19727572 0.02978530 0.21930069 0.07639484 
0.12033541 0.11559606 0.15848484 -0.01412506 
0.19430218 0.09756898 0.12847933 -0.03459427 
0.11648454 0.10054478 0.25860171 0.08816257 
0.11734986 0.12252479 0.08716949 -0.01530638 
0.16133354 0.01291217 0.22206383 0.01740087 
0.12567625 0.11304146 0.16597086 0.02137511 
0.08387236 0.07305669 0.11852848 0.01167744 
0.16047700 0.10081349 0.17768722 0.02496475 
0.10857335 0.04187814 0.13711733 0.06598649 
0.27200284 0.08291895 0.12254746 0.01152632 
0.11479952 0.04759639 0.04092157 -0.06307571 
0.13035418 0.09602756 0.16248331 -0.04901378 
-0.00003894 0.10276247 0.13141807 -0.13470964 
0.16015791 0.03915344 0.04373874 0.06502496 
0.08354861 0.10790964 0.19891785 -0.02621022 
0.14765474 0.03601682 0.18100687 -0.06886773 
0.12826553 0.04747813 0.13584802 0.06584457 
0.17640463 0.04296710 0.12143506 -0.05620396 
0.17754937 0.14246638 0.21850591 0.02620368 
0.11050113 0.04485582 0.13432797 0.10153328 
0.22909956 0.05913705 0.12934845 0.00540103 
0.15768787 0.08537816 0.21106721 -0.05420978 
0.17132698 0.04931760 0.11131631 0.09370574 
0.15298956 0.04462517 0.06809312 -0.01571767 
0.13862614 0.12465038 0.17407808 -0.00014870 
0.17725126 0.07362214 0.18200921 0.02171786 
0.04245251 0.07021574 0.12412256 0.01639123 
0.12183580 0.16978100 0.17811416 0.02121609 
0.09501147 -0.03831831 0.23707265 0.04643981 
0.17215166 0.05175903 0.20303396 0.02343150 
0.20818130 0.08701768 0.15313385 -0.07157925 
0.12628253 0.07428110 0.12421406 -0.05458473 
0.10676450 0.02813344 0.06704237 -0.15270677 
0.06114581 0.03687577 0.10466573 0.06713395 
0.13273882 0.07208775 0.10281951 -0.02308761 
0.07405321 0.08081323 0.15477305 -0.06132877 
0.10817349 0.04937503 0.14326316 0.03724262 
0.12798408 0.10909961 0.11172329 -0.06030220 
0.14852034 0.04496839 0.28217176 0.01043513 
0.15868190 0.05596848 0.13244694 0.08719763 
0.14136453 0.08140425 0.09473313 -0.00793565 
0.17238861 0.07938053 0.14877953 -0.05722817 
0.18540732 0.04668783 0.27759832 0.11125828 
0.16143968 0.14773117 0.15801004 -0.03508765 
0.10718225 0.09363272 0.18926716 -0.01429741 
0.11825457 0.12273643 0.07953736 0.02244390 
0.07142778 0.12741694 0.03286666 -0.00476873 
0.10983134 0.07828739 0.16678548 -0.00098851 
0.13751847 0.05697500 0.22780582 0.03628491 
0.19249721 0.10418014 0.15159620 0.04811852 
0.07707877 0.06416295 0.08409512 -0.06420066 
0.08078901 0.09836700 0.18749945 -0.05665217 
0.05588792 0.13390634 0.02465938 -0.17541475 
0.06952868 0.07579007 0.07952029 0.08331493 
0.19194033 0.05289124 0.15773782 -0.01917100 
0.23221523 -0.01375659 0.09647662 -0.09545140 
0.11773864 0.05858160 0.20493374 0.02571671 
0.07261252 -0.01916320 0.15789227 -0.07606075 
0.19956793 0.09472697 0.08035568 0.02671451 
0.20003175 0.06569576 0.16953340 0.10457660 
0.10296061 0.03644686 0.01744348 -0.05133212 
0.19410387 0.07287471 0.18158633 -0.06264473 
0.19942875 0.01308191 0.10926944 0.14121467 
0.16290983 0.01679734 0.05972751 -0.07928316 
0.17285811 0.03024412 0.22602624 -0.03218325 
0.17230988 0.06003835 0.13932945 0.02068357 
0.11341525 0.14628896 0.09307752 -0.00671103 
0.16071563 0.07318853 0.19036537 -0.01376670 
0.12897817 0.10062157 0.14931042 0.01956770 
0.22051978 0.09966246 0.14757260 0.07413625 
0.04517273 0.05124702 0.11693782 -0.06592318 
0.17126923 0.12124295 0.11453477 -0.08730449 
0.12879416 0.16189513 0.11350639 -0.19408481 
0.02398744 0.04391584 -0.03286513 0.09718587 
0.13331972 0.01157116 0.14761351 -0.05790172 
0.13958021 0.09783337 0.12564162 -0.07900964 
0.17077950 0.02629029 0.03004871 0.01198905 
0.10850377 0.06655262 0.19020850 -0.07879071 
0.16397802 0.08960839 0.13386503 0.04187866 
0.19552209 0.01758349 0.13367688 0.11774545 
0.17176487 -0.02090985 0.13672288 -0.10007692 
0.25037025 -0.01305305 0.26023834 -0.04564284 
0.21394788 0.08979542 0.10405475 0.18431687 
0.16944222 0.11606627 0.12825425 -0.09603415 
0.13084104 0.09204686 0.13575537 -0.03409274 
0.18972743 0.08281661 0.15829422 0.01523863 
0.09449352 -0.01320174 0.13597822 -0.00011646 
0.09539271 0.07315577 0.11681488 -0.02506346 
0.20562809 0.07534134 0.21816066 0.00374222 
0.16481013 0.10004655 0.16486994 0.06104912 
0.17327024 0.13714822 0.15464815 -0.04564282 
0.14069973 0.06853733 0.13067920 -0.08380987 
0.12786589 0.09462019 0.13227703 -0.14296634 
0.14208730 0.08443029 -0.01413080 0.09516678 
0.20419511 0.02455960 0.14946878 -0.03816280 
0.14676679 0.14974665 0.18753330 -0.05685660 
0.19761245 0.03138291 0.02785364 0.02059235 
0.11148827 0.12981217 0.06328314 -0.05002112 
0.28004202 0.09454252 0.17782235 0.02204288 
0.09086357 0.04711801 0.14094542 0.08556955 
0.07869080 0.05283644 0.09763454 -0.08213985 
0.12017493 0.06210239 0.13492095 -0.04602492 
0.23989577 0.11365259 0.25044334 0.16859112 
0.09659731 0.02731319 0.16060440 -0.07299250 
0.21912491 0.07975548 0.16229354 -0.02243826 
0.16102099 -0.01471585 0.15896060 0.01651267 
0.14461878 0.07977185 0.10547122 -0.02542032 
0.18401131 0.01998597 0.19522777 -0.02125610 
0.19097152 0.07436396 0.18792739 0.02082261 
0.10484713 0.08291971 0.25630646 0.08760056 
0.13470030 0.12506415 0.14026869 -0.04569955 
0.14802660 -0.04244350 0.14374462 -0.07975223 
0.18525364 0.11363797 0.06771975 -0.13210927 
0.21046439 -0.11429542 0.08516156 0.07476759 
0.21189121 0.11471535 0.08459925 -0.04192144 
0.16375925 0.16606277 0.14307022 -0.04197794 
0.18141768 0.10180352 0.24511565 0.01878648 
0.17300541 0.16073359 0.18913475 -0.03075354 
0.19995820 0.05168724 0.18528382 0.03377797 
0.16021772 0.00217628 0.23171684 0.06461233 
0.03741354 -0.01580120 0.19828178 -0.06354163 
0.21322619 0.03923704 0.13881051 -0.03397665 
0.20168947 0.03423439 0.11486582 0.15065152 
0.11720603 -0.02578584 0.18927571 -0.07357771 
0.13114612 0.09125153 0.21992923 -0.04802969 
0.14922281 0.01168263 0.09350699 -0.00462845 
0.12008947 0.05345354 0.06250647 -0.03608131 
0.10307514 0.02859656 0.09786921 -0.02107920 
0.17354961 0.11603853 0.14860480 0.01286192 
0.19658187 0.00004022 0.23113999 0.08282980 
0.15431288 0.14106862 0.22102519 -0.07258592 
0.15544483 -0.05263096 0.11236333 -0.08080852 
0.18120240 -0.00064671 0.10382470 -0.15492048 
0.11753470 0.09914822 0.08441733 0.07989227 
0.05695084 0.03821642 0.20119398 -0.06655954 
0.19438742 0.06840636 0.18668744 -0.02002409 
0.08783350 0.01503864 0.08826089 0.01426313 
0.18809557 0.09002231 0.04796089 -0.03689371 
0.21121746 0.08100645 0.16013292 0.04494378 
0.14619868 0.06603492 0.16687311 0.08134788 
0.15578419 0.06021769 0.14611159 -0.04681412 
0.15174615 0.07769133 0.22739915 -0.03423060 
0.19708910 0.03375515 0.12004928 0.14130609 
0.12934851 0.01035774 0.08856876 -0.05823304 
0.16443986 0.06891547 0.12906235 -0.01481713 
0.19156937 0.09740537 0.16672773 -0.02965778 
0.04294915 0.09147673 0.15694669 -0.03308342 
0.17231317 0.10606976 0.13550863 -0.01266048 
0.17515515 0.08447412 0.14274832 0.02107342 
0.13675256 0.00597890 0.17806386 0.07637498 
0.16264695 0.07295233 0.11763659 -0.09681640 
0.10808379 0.09809379 0.13814423 -0.08011364 
0.03817577 0.11214405 0.07737115 -0.14821065 
0.10012812 -0.02160249 0.05440424 0.06991231 
0.05430141 0.05748718 0.04657130 -0.03800400 
0.15116305 0.04762272 0.18154766 -0.03121618 
0.08564204 0.06961285 0.10648937 0.01290019 
0.19065175 0.10103521 0.03984297 -0.01331253 
0.18117812 0.09193370 0.02820866 0.03941818 
0.19626237 0.00015975 0.18891954 0.09527217 
0.19650034 0.16011808 0.21146033 -0.04354227 
0.14121412 0.01994234 0.16213448 -0.02309621 
0.13224417 0.07367783 0.18623831 0.11434190 
0.07796356 0.03519480 0.14150538 -0.04069428 
0.23156869 0.03822574 0.15583526 0.00331660 
0.25552196 0.15735937 0.16847461 -0.03816458 
0.03871098 0.06054212 0.06858431 -0.03776414 
0.18416933 0.05174267 0.13978375 -0.01568405 
0.09675469 0.09776872 0.16809805 0.00786527 
0.16737461 0.05083373 0.16981352 0.06980649 
0.04251860 0.05112262 0.13972957 -0.07652449 
0.17297558 0.13989318 0.25863422 -0.06028487 
0.06163643 0.13607742 0.11014728 -0.11506579 
0.04011783 0.10745949 0.10240144 0.05917152 
0.11800432 0.02970503 0.24494208 0.00120016 
0.16081951 0.10988306 0.14093276 -0.03671436 
0.17207300 0.05614293 0.20925941 0.02567683 
0.12094545 0.08947975 0.11094501 -0.01624155 
0.15421292 0.01066478 0.15743848 0.03400037 
0.18418864 -0.01046303 0.22139604 0.08146567 
0.13028810 0.12097357 0.13759373 -0.04165489 
0.12922039 -0.06088286 0.18046725 -0.02524532 
0.16161620 0.05938011 0.28447784 0.09744077 
0.11117395 0.03249151 0.03037808 -0.02355989 
0.08494878 0.14272822 0.15331640 -0.00162284 
0.16080461 0.11474584 0.13952329 -0.03121928 
0.09032242 -0.00252508 0.03895972 -0.03243455 
0.18409954 0.08780751 0.20039417 -0.00398435 
0.25055394 0.04059495 0.13813251 0.01042640 
0.21488119 0.12391444 0.08938902 0.05218062 
0.09828057 0.05239871 0.20590822 -0.06703993 
0.15343827 0.07024257 0.10155150 -0.05545622 
0.11366347 0.12397406 0.13753570 -0.09662893 
0.01178077 0.02112039 0.10255682 0.05647162 
0.21958453 0.13294224 0.13664908 0.02763255 
0.06114374 0.11223529 0.16981993 -0.05619093 
0.16954696 0.11606031 0.13318174 0.04139703 
0.07492994 0.09502466 0.11681998 -0.02083515 
0.15866459 0.07686946 0.11696839 0.04740914 
0.14946110 0.14052528 0.14017654 0.09238539 
0.06870454 0.06848056 0.11767042 -0.02550209 
0.26979270 0.02834214 0.18028329 -0.03677493 
0.11339316 0.05942993 0.15588922 0.09447987 
0.09935141 0.10025399 0.18964813 0.00018748 
0.17608091 0.08028960 0.14363308 0.01372605 
0.21131937 0.11384812 0.14828836 -0.01123738 
0.07665594 0.04911193 0.03253650 -0.02898550 
0.18607619 0.03515112 0.06616410 0.00918286 
0.16287345 0.03452781 0.20979359 0.00732305 
0.27462535 0.11716663 0.25530911 0.04769085 
0.11580909 0.09390890 0.11755981 -0.05983523 
0.09607232 0.03979207 0.11926531 -0.02378066 
0.10131960 -0.00558306 0.10688316 -0.12639222 
0.01541466 -0.00524417 0.15589247 0.07119353 
0.20699966 0.07592737 0.07049582 0.03093823 
0.14241726 0.08014041 0.10114339 -0.06110546 
0.15500134 0.15243316 0.15105415 0.03713152 
0.08022306 0.07886112 0.10110045 -0.01344476 
0.17997747 0.14603289 0.19730344 0.03200783 
0.17324520 0.08229192 0.22959325 0.10616331 
0.15911463 0.07886209 0.15195253 -0.02498867 
0.12820604 0.05130964 0.22807880 -0.02990668 
0.29126550 0.04472887 0.14431773 0.07970230 
0.05607774 -0.05340256 0.11276870 -0.01100200 
0.14415637 0.03032062 0.18024672 0.02635235 
0.23778925 0.08879301 0.11507098 -0.01371688 
0.09547000 0.04180054 0.08699503 -0.02569966 
0.07754920 0.01050740 0.14296673 -0.00008245 
0.17033069 0.07003139 0.20348182 0.00353906 
0.13708607 0.02782631 0.16365999 0.04283388 
0.10961263 0.03987040 0.15008955 -0.04226626 
0.20041138 0.02828969 0.16094421 0.00062503 
0.12415834 0.10517975 0.12907370 -0.12388205 
0.02101572 0.05770020 0.06622609 0.05830825 
0.15716422 0.02821905 0.11853275 0.05116297 
0.13533101 0.05770720 0.17419372 -0.06828062 
0.01977437 0.07268968 0.09879071 0.04981467 
0.20561686 -0.01673612 0.08469617 -0.02981815 
0.15790345 0.06572526 0.19334621 0.01532231 
0.11116783 0.12336970 0.17809780 0.11061775 
0.11864564 0.10932015 0.17736963 -0.00875650 
0.16104592 0.03418057 0.21004416 -0.03610421 
0.24105267 0.05942967 0.16567406 0.06043745 
0.05349711 0.06944217 0.03455352 -0.00137062 
0.15353869 0.06597284 0.15433322 0.02475148 
0.30387636 0.10995939 0.23578083 -0.00655827 
0.07885926 0.02019542 0.04692692 -0.02840321 
0.16835355 0.10904637 0.13064215 0.02290352 
0.18173243 0.04714973 0.20444389 0.00113836 
0.23874401 -0.00848509 0.07325248 0.02311908 
0.12512905 -0.06232833 0.15193612 -0.02138085 
0.07783083 0.00113996 0.13929712 0.01435071 
0.13290757 0.11242250 0.08776405 -0.12033924 
0.09560501 0.07971688 0.15619329 0.03826614 
0.18995371 0.22657523 0.14089926 0.05230278 
0.12933683 0.14229463 0.16101105 -0.06167870 
0.12674199 0.04215795 0.12376744 0.06502117 
0.16203406 0.00106269 0.14434800 -0.03132126 
0.25586532 0.10320468 0.30507999 0.01020469 
0.18345846 0.07811809 0.18351507 0.11015327 
0.15222198 0.02621025 0.09707460 0.01858571 
0.19382717 0.02505129 0.17928634 -0.04159335 
0.20074749 0.08274074 0.08138960 0.04028254 
0.07067661 -0.00364868 0.15689719 -0.00233208 
0.19547273 0.10455703 0.11191794 0.01015207 
0.16444376 0.06303343 0.16556531 0.01061046 
0.18539241 0.04575473 0.04353989 -0.01356183 
0.09567073 0.03991239 0.11577941 0.02852468 
0.17282594 0.02318937 0.25178973 0.01237292 
b1
0.47671625 0.29589341 0.53935214 -0.74967954 
w2
2.94943282
4.72330871
3.79791909
-9.42069306
b2
4.01949968
errfunc linear