nlayers 2
nin 380
nhidden 4
nout 1
nwts 1529
w1
0.07527183 0.23852505 -0.18930087 0.41523211 
-0.00361704 0.13642304 -0.11551997 0.14805955 
-0.06189406 0.10910233 -0.10419803 0.10598713 
-0.09284854 0.12777962 -0.00776427 0.11212966 
0.04862225 0.04330807 -0.06569726 0.04390576 
-0.03274778 0.07236173 0.00701293 0.16364015 
-0.09337828 0.13658292 -0.18382016 0.01855886 
0.05101115 0.30959915 -0.19774845 0.33554522 
0.07468085 0.02831299 -0.08472840 0.08304783 
0.08864377 0.15523416 -0.23132388 0.29674507 
0.16375345 0.33756588 -0.28568225 0.41449420 
-0.03513050 0.03834416 -0.01846545 0.17460231 
0.06286029 0.03582171 -0.08455943 0.19104566 
0.13272309 0.20694192 -0.13284602 0.26086077 
-0.00796536 0.11971889 -0.13398212 0.24035619 
-0.00852722 0.20943599 -0.16096252 0.24514224 
0.03740899 0.18315555 -0.18461215 0.26423954 
0.14509047 0.03510209 0.00010066 0.07612001 
0.08957809 0.02225122 -0.06993934 0.14680101 
0.03525974 0.25061492 -0.21421967 0.47468702 
0.10498719 0.26359800 -0.22205022 0.35011045 
-0.01400003 0.18268109 -0.12725900 0.15245080 
-0.06231441 0.04234572 -0.05194528 0.12545699 
-0.11223201 0.10430408 -0.06581240 0.15749680 
0.02163061 0.05488561 -0.06914107 0.03674573 
-0.03914437 0.04684975 -0.10641313 0.08404817 
-0.09011226 0.20406638 -0.07709384 0.23222946 
0.07085083 0.28904748 -0.15654628 0.42521845 
0.08547428 0.06598445 0.03470002 0.15923453 
0.12719789 0.19021303 -0.25009978 0.26107510 
0.21118843 0.33978559 -0.31670763 0.45141139 
-0.04721982 0.05873214 -0.12024205 0.15192561 
0.08725896 0.06587809 -0.10985130 0.18663863 
0.17077304 0.15870648 -0.22416742 0.30787406 
-0.02209903 0.07716912 -0.13977551 0.19085335 
0.01948341 0.09835532 -0.15457932 0.23312959 
0.05990718 0.13858314 -0.12286462 0.26763812 
0.18023704 0.03405576 -0.16275351 0.08101438 
0.12201287 0.12987483 -0.06915730 0.12598131 
0.09145210 0.23359093 -0.20744131 0.36889079 
0.03529933 0.27868400 -0.29296918 0.40051111 
-0.10330570 0.15513108 -0.05848172 0.25399136 
-0.18146549 0.16167897 -0.15053352 0.12441358 
-0.22054971 0.07293440 -0.12282440 0.14402414 
-0.08150268 0.04038540 0.02384104 0.09965835 
-0.13903013 0.10265808 -0.14564696 0.05147018 
-0.20829824 0.17215146 -0.05760258 0.22871839 
-0.01520732 0.20027176 -0.26790200 0.38003296 
-0.01902508 0.02307086 -0.13493839 0.08425605 
0.08353550 0.25368048 -0.20910415 0.30923956 
0.14842467 0.25393670 -0.28091854 0.36268593 
-0.15422538 0.16044847 -0.06514975 0.14594823 
0.04143850 -0.01773654 -0.01436869 0.04848969 
0.11442155 0.17379499 -0.13656345 0.34358144 
-0.14123870 0.04848741 -0.11837350 0.10588368 
-0.06402876 0.02031412 -0.16858361 0.19404900 
-0.01732614 0.23746270 -0.17374553 0.23042270 
0.11877660 0.03298427 -0.07291577 0.09835763 
0.03001922 0.00877086 -0.03010140 0.20829579 
0.04127620 0.28986962 -0.17986769 0.32242297 
0.09078938 0.21686903 -0.12927035 0.32166438 
-0.04813099 0.19957532 -0.11598261 0.21978570 
-0.11902820 0.16284110 -0.10025882 0.21889081 
-0.18076106 0.13827264 -0.12841039 0.12617410 
0.03356505 0.00721730 0.02800454 0.05507258 
-0.08569983 0.12095398 -0.05163877 0.16340295 
-0.12919084 0.19104402 -0.12913048 0.21203551 
0.04141746 0.30302135 -0.25811040 0.42211423 
0.01574583 0.00026239 -0.02668058 0.13430489 
0.17865396 0.22349819 -0.19307646 0.28283239 
0.23265275 0.37221922 -0.31216832 0.40683636 
-0.09698554 0.11320956 -0.12210893 0.11623072 
0.13279342 0.23206889 -0.06942079 0.11180788 
0.20987166 0.21023578 -0.16325858 0.19851106 
-0.10377433 0.17538033 -0.17983358 0.24088205 
-0.02731387 0.22079507 -0.09934528 0.16932523 
0.04406594 0.18025898 -0.21119871 0.29277012 
0.18203651 0.13483041 -0.11135261 0.13836183 
0.08759760 0.22968430 -0.08896930 0.14409436 
0.11930670 0.27909138 -0.19051277 0.36977648 
0.07342409 0.29532066 -0.18392175 0.37602241 
-0.09517292 0.17339748 -0.11366303 0.19844079 
-0.16245007 0.08989195 -0.07148900 0.11273533 
-0.26913069 0.01289459 -0.18706172 0.24344221 
0.00412250 0.02175726 0.00548401 0.02230226 
-0.16032064 -0.02198227 -0.01555040 0.12696321 
-0.18452047 0.19888061 -0.16975181 0.26936076 
0.01163567 0.19719197 -0.18378443 0.29324628 
-0.03181802 0.10952634 -0.07286448 0.13245947 
0.19071679 0.17616531 -0.14668791 0.37679702 
0.22735541 0.30555257 -0.29507669 0.40667047 
-0.12774890 0.12185092 -0.18933126 0.24368587 
0.11893406 0.06268021 -0.13899699 0.12705554 
0.21774140 0.15300156 -0.19582505 0.28185081 
-0.15516061 0.17855472 -0.14584026 0.15680550 
-0.05015950 0.19704348 -0.21925310 0.28248250 
0.00502688 0.18643707 -0.09429355 0.30607892 
0.17223591 0.12596343 -0.05869277 0.09949744 
0.06121899 0.04548923 0.01547294 0.12909389 
0.13283210 0.24827690 -0.19535457 0.43317899 
0.03909312 0.16634557 -0.19919957 0.39203976 
-0.21185050 0.16706218 -0.12171559 0.15672433 
-0.25202186 0.11159745 -0.15941291 0.14233765 
-0.38602026 0.09553377 -0.11177059 0.08159226 
-0.08120681 0.06450779 -0.02926980 0.13067657 
-0.28776820 0.17690046 0.01912734 0.09286926 
-0.30715360 0.04001119 -0.14195758 0.20441900 
-0.03277838 0.22050367 -0.27048639 0.34938841 
-0.09197165 0.00106750 0.01831846 0.11809353 
0.17647513 0.26038694 -0.22644904 0.26316880 
0.20869856 0.20376933 -0.27976704 0.42775913 
-0.21211752 -0.00898454 -0.15841643 0.16934714 
0.08520132 -0.00443447 -0.06211847 0.10107321 
0.20165266 0.26007691 -0.25708029 0.18627857 
-0.24178329 0.16067155 -0.13423310 0.19402775 
-0.11571188 0.08276851 -0.06918163 0.18936091 
-0.05454114 0.09858328 -0.10585933 0.24786220 
0.15012976 -0.05410741 -0.16030705 0.06061695 
0.02430444 0.08757048 -0.15805500 0.14266871 
0.12501823 0.28987274 -0.24681099 0.36192763 
0.10182714 0.23220257 -0.29977947 0.29312979 
-0.15525470 0.09752206 -0.05992223 0.24727801 
-0.18589666 0.09952074 -0.06664489 0.12639104 
-0.32677814 0.28146477 -0.14713499 0.25319533 
0.02274714 0.06176747 -0.00941778 0.06920304 
-0.23238843 0.06144150 -0.04270916 0.19974570 
-0.24261793 0.10740449 -0.19383260 0.16642857 
0.03306664 0.22948355 -0.26230831 0.34168833 
-0.04752061 0.13325270 -0.03923095 0.03534059 
0.26425495 0.16166072 -0.10911341 0.33635924 
0.27750954 0.30245457 -0.20855984 0.42783687 
-0.16290679 0.19263178 -0.10996006 0.23056150 
0.16210319 0.14723353 -0.15943827 0.14625213 
0.26981448 0.21717686 -0.21756378 0.20138104 
-0.20232729 0.15806461 -0.13053920 0.10929766 
-0.07166995 0.20942176 -0.17117967 0.26864492 
0.01406006 0.13325593 -0.16261631 0.17416675 
0.20340206 0.08953330 -0.12347524 0.09718700 
0.11977961 0.05414668 -0.05715622 0.12811423 
0.20367464 0.24382778 -0.10187192 0.39559623 
0.26874164 0.30140504 -0.30349786 0.35569083 
0.00222744 0.14658182 -0.09661625 0.13000796 
-0.03129015 0.08369406 -0.01954951 0.13366582 
-0.17112003 0.09016298 -0.12570715 0.26126770 
0.19669992 0.11735577 0.02696317 -0.00623235 
-0.08102146 0.09320555 -0.06394101 0.07751147 
-0.08222106 0.19607173 -0.20299913 0.27310089 
0.19481525 0.24905562 -0.23024342 0.40143728 
0.10704586 0.06538247 -0.07342234 0.15064912 
0.43203896 0.20453840 -0.18905823 0.28679975 
0.45211562 0.27344690 -0.26695651 0.30935833 
0.02562128 0.17045695 -0.09930346 0.15071554 
0.32406603 0.06907491 -0.08371653 0.04879903 
0.44393289 0.27822975 -0.15972760 0.32018693 
-0.03719106 0.16022742 -0.03935348 0.21515718 
0.10820291 0.20016877 -0.13743694 0.23168398 
0.20424592 0.18655056 -0.17920010 0.19754956 
0.37483811 0.13933046 -0.12073344 0.09584110 
0.30203866 0.10509643 -0.09279144 0.16811899 
0.37879094 0.31468077 -0.20869581 0.28864338 
0.15599060 0.20348704 -0.23441156 0.44712151 
-0.16762229 0.07400427 -0.15414252 0.20304857 
-0.20950528 0.13667659 -0.10628481 0.20474357 
-0.36365252 0.08449523 -0.10309717 0.22405334 
0.09799357 0.04343741 0.05615965 0.16601520 
-0.21894321 0.10602998 -0.10042016 0.11954684 
-0.27389459 0.19958895 -0.13367649 0.26589627 
0.07112035 0.22993419 -0.16210082 0.41640680 
-0.01688407 0.04116729 -0.04103823 0.15520413 
0.33052451 0.26488814 -0.13221744 0.28612749 
0.37358585 0.28229458 -0.25236766 0.31733495 
-0.14718672 0.18336985 -0.06705420 0.19132016 
0.21892248 0.05174749 -0.10273997 0.17391853 
0.36560667 0.15686937 -0.15292528 0.21341913 
-0.20321142 0.21946337 -0.20320215 0.21931153 
-0.03117317 0.22825776 -0.14965526 0.13968934 
0.08937224 0.20991118 -0.29702214 0.27397058 
0.28266246 0.10388797 -0.01408081 0.06373683 
0.17598145 0.07135325 -0.09753794 0.28358875 
0.26842889 0.23577096 -0.28725589 0.37617909 
0.07570587 0.22453119 -0.28896901 0.35516787 
-0.34303202 0.21139270 -0.12784617 0.28136521 
-0.38659432 0.03008036 -0.18416105 0.17703585 
-0.51816588 0.23998533 -0.12318089 0.20195129 
-0.01369759 -0.00801574 -0.02198331 0.01468858 
-0.36599603 0.01123754 -0.12749095 0.19280244 
-0.43883822 0.16099418 -0.17270221 0.17368648 
-0.05183272 0.28964241 -0.28374011 0.39966294 
-0.11230211 0.05550831 -0.04208348 0.06629084 
0.27388661 0.31453961 -0.21929448 0.19540906 
0.31323660 0.38517464 -0.29774169 0.35467466 
-0.32689906 0.08176373 -0.10199406 0.18253308 
0.14209880 0.12049699 -0.01480962 0.17797026 
0.30170316 0.11336397 -0.10971576 0.19595359 
-0.30846548 0.19537318 -0.20577922 0.34485639 
-0.15027668 0.19904412 -0.12058048 0.22010269 
-0.01930532 0.13703632 -0.19376939 0.25403238 
0.21324554 0.12445591 -0.09779400 0.14811321 
0.10239132 0.19019385 -0.09594979 0.15434806 
0.19126936 0.27132351 -0.18623737 0.38305387 
0.16897060 0.26215255 -0.25448200 0.37276978 
-0.19680586 0.14681583 -0.14290377 0.25160064 
-0.22666039 0.17159775 -0.17382823 0.14335345 
-0.35489491 0.17988131 -0.18321576 0.13966067 
0.07539713 0.10227774 -0.03041614 -0.02729925 
-0.21177085 0.13134234 -0.08765027 0.12577262 
-0.26460150 0.15866405 -0.15835907 0.27828266 
0.07059245 0.29471850 -0.23314510 0.32437752 
0.00305495 0.00071116 -0.08417827 0.16048814 
0.32380240 0.19343354 -0.08767319 0.24839583 
0.36314050 0.27309508 -0.20416235 0.30796464 
-0.17238031 0.11392279 -0.15386067 0.18795793 
0.21538525 -0.00617072 -0.06459916 0.11305501 
0.34945084 0.10883854 -0.17395437 0.22847547 
-0.17876174 0.16554569 -0.13615159 0.30324659 
-0.03769699 0.10489623 -0.09901709 0.23050007 
0.09360973 0.13416523 -0.15308935 0.22142046 
0.26707198 0.06483729 0.08579895 0.15404615 
0.20536282 0.18711466 -0.04054493 0.18851048 
0.28001179 0.29744987 -0.22987929 0.30512160 
0.11263613 0.23688687 -0.26837567 0.28162897 
-0.23238175 0.03908127 -0.14929295 0.08113813 
-0.27106420 0.12121391 -0.12522332 0.25747265 
-0.37017793 0.19020161 -0.03709582 0.23341960 
0.00609706 -0.04184610 -0.05363788 -0.00847213 
-0.22915648 0.10802945 -0.09246150 0.10361579 
-0.29905529 0.14811212 -0.10540460 0.24390743 
0.02301155 0.35624200 -0.29903196 0.41787898 
-0.06586778 0.08548812 -0.08206009 0.03319355 
0.25775212 0.09435589 -0.32407276 0.24841986 
0.28781753 0.34617458 -0.25024469 0.41888716 
-0.23726987 0.08450296 -0.12213051 0.22104211 
0.15672753 0.15671154 0.02793727 0.14977469 
0.27408695 0.12955140 -0.09581004 0.21127125 
-0.21699009 0.18863019 -0.16850158 0.21296064 
-0.08548892 0.10486414 -0.11920023 0.21841833 
0.04165969 0.15919805 -0.17167382 0.28649006 
0.19704629 0.02717161 0.04208846 0.00487617 
0.13886108 0.07937147 -0.06717722 0.25609165 
0.21466395 0.25913541 -0.18354456 0.27587996 
0.11237963 0.30166985 -0.24240147 0.28748376 
-0.26450881 0.15757470 -0.05700264 0.19347518 
-0.29533973 0.00320601 -0.03419232 0.21212755 
-0.38873245 0.12513624 -0.01222562 0.17992176 
0.02556465 0.08816681 -0.17044150 0.04043341 
-0.26602136 0.10559946 -0.09665993 0.06557252 
-0.30898804 0.17469711 -0.17311302 0.19456802 
0.01118220 0.24843091 -0.34044673 0.45712038 
-0.06060091 0.04629885 0.02163713 0.15149726 
0.27413315 0.16562656 -0.17295345 0.27007765 
0.29365748 0.24232748 -0.23688433 0.32684168 
-0.28385806 0.14535549 -0.11619512 0.25371685 
0.16307971 0.12909315 -0.00983611 0.15166721 
0.26599220 0.13429686 -0.08959481 0.24850944 
-0.22045854 0.14782486 -0.12411597 0.20161885 
-0.08251966 0.15659467 -0.09657371 0.28047675 
0.03082908 0.21179273 -0.17677564 0.20902835 
0.16483425 0.10295102 -0.02824849 0.10404743 
0.11969122 0.05013213 -0.07228772 0.22447020 
0.20198366 0.20584687 -0.20392414 0.29582597 
0.16133716 0.22743461 -0.26578420 0.36413076 
-0.22693450 0.17205871 -0.14440917 0.21504538 
-0.23018425 0.07093279 -0.12292595 0.05881889 
-0.32067265 0.13634518 -0.11739748 0.18573202 
0.04794577 -0.02088001 -0.07982280 0.05354902 
-0.20759306 0.00958106 -0.06897648 0.23710723 
-0.23457386 0.14869907 -0.10184051 0.22551977 
0.05504990 0.24321826 -0.22604735 0.34077008 
0.00505252 0.06189845 -0.01189292 0.02587346 
0.30682590 0.19992912 -0.18396416 0.32082173 
0.32841540 0.35398862 -0.26780191 0.45839825 
-0.21005238 0.19949790 -0.14452259 0.29700222 
0.20259818 0.14166524 -0.08923824 0.10446734 
0.28814518 0.22088179 -0.13705067 0.27017557 
-0.16293187 0.14111961 -0.13569050 0.26530509 
-0.02518718 0.16000260 -0.14626875 0.25702778 
0.05283644 0.17830665 -0.14273884 0.32826442 
0.18431276 0.09155319 0.01722270 0.07495023 
0.13500458 0.11875897 -0.14272781 0.16261801 
0.22577294 0.26470421 -0.28622401 0.34879345 
0.21260884 0.27572169 -0.25087268 0.40806684 
-0.11541777 0.21803487 -0.10183996 0.18178918 
-0.12868003 0.09684376 -0.07146570 0.16831140 
-0.20291949 0.05430214 -0.13245836 0.19469982 
0.08375778 -0.05640159 -0.02632072 0.13375828 
-0.09185348 0.16941488 -0.13525559 0.21110280 
-0.14021907 0.13738659 -0.13931868 0.18420258 
0.12841550 0.22931902 -0.21671202 0.26358645 
0.04557301 0.05843124 -0.02289842 0.07457147 
0.32154254 0.19634633 -0.15670676 0.27072948 
0.34883412 0.27645184 -0.23282518 0.50648658 
-0.09054039 0.00059344 0.00469198 0.07917476 
0.21827928 0.08064094 -0.12804016 0.05670155 
0.30779209 0.08346290 -0.18093847 0.30063905 
-0.06752971 0.23502265 -0.13805316 0.22915846 
0.06285027 0.13878091 -0.23118832 0.29207769 
0.11597226 0.11060598 -0.08231442 0.23174715 
0.23990588 0.15583638 -0.08757927 0.10412355 
0.15834125 0.10008889 -0.09493776 0.24162781 
0.25667428 0.18976833 -0.22046521 0.38080551 
0.15347214 0.22964949 -0.33874130 0.38065684 
-0.11030161 0.10949860 -0.18371085 0.22019019 
-0.16098682 0.02688829 -0.08801429 0.19414340 
-0.20087507 0.09171607 -0.09062555 0.09436394 
0.01939772 0.07125057 0.08620870 -0.04107409 
-0.09211860 0.14502436 -0.18064718 0.17456239 
-0.17403138 0.13024173 -0.06250568 0.22428993 
0.08030148 0.30070485 -0.33201486 0.37967960 
-0.04644673 0.10523504 -0.03363434 0.02167346 
0.25796403 0.19115641 -0.22151067 0.31838434 
0.29158539 0.26446606 -0.27728511 0.37607648 
-0.15025261 0.07475320 -0.13530369 0.22050927 
0.16289197 0.22254428 -0.13954936 0.07268350 
0.21018194 0.11042575 -0.20285523 0.22289414 
-0.08119688 0.18948917 -0.22808277 0.22335705 
0.03206060 0.13538964 -0.14418385 0.19362554 
0.07980299 0.14686009 -0.11545398 0.29536750 
0.15552575 0.17846237 -0.02608248 0.05109340 
0.10619522 0.13183157 -0.13344056 0.11618073 
0.19645098 0.24790250 -0.14968168 0.33614427 
0.17565381 0.31941620 -0.18537511 0.28325437 
-0.09581148 0.22368853 -0.05529819 0.15479829 
-0.13898093 0.02979266 -0.04193541 0.04648352 
-0.17460767 0.12731363 -0.07568671 0.13201583 
0.05614505 0.02669502 -0.01724208 0.11834916 
-0.09012805 0.08627792 -0.09487228 0.06217207 
-0.17006458 0.08283125 -0.05919347 0.17792198 
0.10185216 0.29943207 -0.29730991 0.29874204 
0.00430464 0.07812972 -0.10158516 0.10370653 
0.25344575 0.18686061 -0.18991136 0.25385106 
0.30107031 0.32942354 -0.24329070 0.45252240 
-0.12729074 0.10122006 -0.10512079 0.16619540 
0.17960399 0.12599612 -0.03330608 0.05137982 
0.20283742 0.13062495 -0.25486410 0.26797467 
-0.04464636 0.19643350 -0.12982547 0.23010138 
0.06430600 0.19279211 -0.19370573 0.24271593 
0.10179279 0.17174610 -0.21657880 0.27454637 
0.13451037 0.06209188 -0.00452909 0.22100378 
0.12247101 0.06227828 -0.02131056 0.13547752 
0.18809709 0.16932744 -0.28696788 0.37138470 
0.19917554 0.31231092 -0.23478799 0.41206363 
-0.03263801 0.14172243 -0.10919113 0.18495444 
-0.09760238 0.10983448 -0.05113887 0.18785210 
-0.13906632 0.09502935 -0.05122812 0.28862400 
0.04608906 -0.02964895 0.02466261 0.07115114 
-0.04156285 0.01515609 -0.05915213 0.13822715 
-0.11779302 0.13253359 -0.13140833 0.17290188 
0.13838788 0.24382931 -0.25205371 0.36413155 
0.03786228 0.05201409 -0.00225410 0.10778015 
0.23532124 0.20525788 -0.16014831 0.24177282 
0.30410517 0.34189253 -0.19673952 0.38568834 
-0.06397396 0.13320362 -0.02682007 0.15547890 
0.17840013 0.19456891 -0.05788459 0.09646533 
0.22610010 0.18554860 -0.18217466 0.22505395 
0.00032241 0.11027970 -0.12742623 0.12729490 
0.09571029 0.08391878 -0.13583029 0.23201148 
0.11147365 0.26677217 -0.03126996 0.32122461 
0.14830392 0.07683755 -0.11174471 0.04779802 
0.14734315 0.07904044 -0.10376630 0.11424973 
0.17751329 0.25252185 -0.08755624 0.30602266 
0.17739594 0.27281532 -0.23635696 0.41125993 
0.02058967 0.13586409 -0.15188831 0.18062139 
-0.08300310 0.11958998 -0.11056859 0.19185849 
-0.12874691 0.05642787 -0.11160698 0.15749709 
-0.01336751 0.10333345 -0.03578126 0.07231100 
0.00640765 0.15835347 -0.14448123 0.13675303 
-0.09860197 0.01956254 -0.10238859 0.18987139 
0.13109635 0.34742965 -0.13813560 0.39496412 
0.01036170 0.07669195 -0.12169097 0.09841066 
0.20814056 0.18660995 -0.26471686 0.31646120 
0.27067873 0.30888276 -0.38014703 0.42786366 
-0.04259296 0.09967390 -0.11389351 0.12121867 
0.16073112 0.07554548 -0.08008498 0.04599534 
0.18083691 0.21632125 -0.10442954 0.24634226 
-0.00594263 0.14258009 -0.16624649 0.14683329 
0.09850867 0.15044209 -0.02237173 0.18999768 
0.09446431 0.29212554 -0.02332648 0.23422304 
0.14982460 0.06204909 -0.08218050 0.14318888 
0.12594995 0.06905041 -0.06144170 0.15301312 
0.14186948 0.31247536 -0.19517348 0.34536479 
b1
-1.64186028 3.26436109 -2.86408427 4.21098935 
w2
-9.44455914
1.38399031
-0.78671248
0.57871109
b2
12.16994176
errfunc linear