nlayers 2
nin 418
nhidden 4
nout 1
nwts 1681
w1
0.07369538 -0.12550581 -0.00464443 0.21316503 
0.00808947 -0.01240689 -0.12382175 -0.05921124 
0.10979490 -0.00000005 -0.01000146 0.11967976 
0.02300011 -0.00404197 -0.01174118 0.06782265 
0.08223055 -0.11814912 -0.05574551 0.07005638 
-0.04695300 0.01217613 0.06023480 0.04608777 
0.07800385 -0.03301150 -0.01686515 0.02708960 
0.06747035 0.03967102 0.11602523 -0.02073356 
0.10673432 -0.13050474 -0.01863169 0.11205153 
-0.07489214 0.01182098 0.11428617 -0.01642537 
0.11140204 -0.10901225 -0.02354960 0.08108141 
0.04558612 0.07722685 0.07786698 -0.07491509 
0.06178774 -0.14569830 -0.03193457 0.02942852 
0.02239863 0.01730071 0.05417935 -0.06912323 
0.16834739 -0.11088273 -0.10378063 0.07334373 
-0.01119214 0.02600066 0.04127323 -0.00628805 
0.08225818 -0.11586118 -0.12421000 0.05059338 
0.00873532 -0.04957486 0.01373038 -0.04478254 
0.05533566 -0.10457248 -0.18197363 0.24351176 
0.02074568 -0.03575336 -0.00094739 0.09688588 
0.07686601 -0.09366910 -0.15107998 0.06081818 
-0.04721186 0.04578355 -0.01614879 0.05063140 
0.06104093 -0.03461102 -0.12138765 0.02988764 
0.00570406 0.00819532 -0.00512439 -0.06774404 
0.08560075 -0.16160835 -0.11675655 0.07061466 
-0.11738607 0.08573449 0.00767048 -0.08350691 
0.04353467 -0.06724140 -0.03242679 0.05671745 
0.04698810 0.03009820 0.03695901 -0.13121952 
0.03583654 -0.14427980 -0.01757149 0.02694459 
0.00692193 0.04912687 0.01904009 -0.07365556 
0.06748125 -0.10263540 0.06489540 -0.08647440 
-0.00484516 -0.04258944 0.19970222 -0.15042103 
0.08699355 -0.13597531 -0.00796996 -0.04736050 
0.05185548 -0.04610482 0.14360408 -0.03383880 
0.07615902 -0.10081107 0.04078225 0.00062431 
-0.01459973 0.02091886 0.13633770 -0.04200243 
0.08515714 -0.08540735 0.08469831 0.06509386 
0.05471505 0.10127963 0.01105021 -0.25144614 
0.05448866 0.05885951 0.07765294 -0.02482612 
-0.01770593 -0.04973464 0.11575026 0.12772681 
0.13930483 -0.04553867 0.06207884 0.09596188 
0.11254514 -0.03756513 -0.07472586 -0.01918970 
0.00949334 -0.07437780 0.00231830 -0.00610035 
0.01068776 -0.09939496 -0.02475562 -0.03805428 
0.02986100 -0.02971267 -0.12462147 0.04097726 
0.02353177 -0.05328930 -0.04944250 -0.14992209 
0.04349293 0.03173448 0.12640244 0.05737444 
0.07610478 -0.03801819 -0.08119621 0.00599708 
0.08541512 -0.08646880 0.03986945 -0.07775931 
0.02747311 -0.08004487 0.03749783 -0.04957982 
-0.05268325 0.01731610 0.02585228 -0.02185972 
0.02747796 -0.16310693 0.00959765 -0.03078455 
-0.05918680 0.04106706 0.05227373 -0.11109056 
0.06146448 -0.04515548 0.03176380 -0.04087148 
0.00760007 -0.00352890 0.02733261 0.01639430 
-0.00508915 -0.00023380 0.12247171 0.02681595 
0.05863777 -0.06586181 -0.01607328 -0.09557003 
0.04428888 -0.02868765 0.05613348 0.06347967 
-0.03428660 -0.01621949 0.05338378 -0.01124888 
0.10355151 0.02630777 0.04041721 0.08791578 
0.05882739 -0.06441552 0.02028013 0.05233482 
-0.03132000 0.00374057 -0.07707754 0.07029537 
-0.08803037 0.02137537 0.03028717 0.03078049 
-0.03280261 -0.06639878 0.00666732 -0.03048213 
0.04392183 -0.11232221 -0.14539826 0.04480580 
0.03456475 0.00679930 -0.07490450 -0.19272458 
-0.01573576 0.01179882 0.09667053 0.09028379 
0.12269275 -0.03039595 -0.11893592 0.02845041 
0.03321143 -0.04444141 -0.00710072 -0.13195181 
0.03452724 -0.06362754 0.01867924 -0.08811187 
0.01357716 -0.01660785 0.02126172 -0.03555062 
0.08087125 0.04163553 0.02669546 -0.06044292 
0.02079815 -0.02901857 0.04527304 -0.12065061 
0.02686267 -0.03798462 -0.00102802 -0.06564596 
-0.02672275 -0.03745744 0.04365611 0.03806261 
0.01599136 0.00953987 0.10195087 0.00125830 
0.09410245 -0.01644913 -0.04380432 -0.08917259 
0.00576983 -0.00658287 0.02353704 0.03827041 
0.08962622 -0.05194188 0.04488149 0.03510958 
0.11392171 0.00156635 0.03524757 0.06109175 
0.05105467 0.00080863 -0.01540741 -0.01452296 
-0.04062872 -0.07245564 -0.07489319 0.08314013 
0.07287015 -0.03344968 0.03273782 0.00862877 
0.04221888 -0.08994981 0.00126243 -0.04932610 
0.01935706 0.00333157 -0.12658884 0.09863116 
-0.04012581 0.03235064 -0.03045546 -0.17431284 
0.02977878 -0.00346506 0.08623022 0.12102277 
-0.00670341 -0.10248187 -0.12821921 0.02829983 
0.04288505 -0.00605372 0.00135335 -0.16783290 
0.09790800 -0.01012347 -0.02030672 -0.06080235 
0.09449109 -0.02998854 -0.00453123 -0.02066638 
-0.02840837 -0.00901225 0.01895631 -0.07075852 
-0.00698607 0.00745280 0.05916957 -0.08569693 
-0.00772977 0.00632028 -0.01926103 -0.00762392 
-0.02140262 0.11273104 0.06485351 0.06327854 
-0.00335794 -0.01200717 0.11049253 -0.03796331 
0.05826194 0.04948297 -0.03993680 -0.00074733 
-0.02792537 0.02704407 0.06978827 0.03002862 
0.05609133 -0.07322074 0.03805630 0.05006356 
0.00248149 0.01446971 0.02096005 0.05862869 
0.02388132 -0.06987397 -0.04903772 -0.05056662 
0.01425068 -0.03507609 -0.08441982 0.09884332 
0.02275678 0.03898316 0.09208491 0.03884165 
0.07258482 -0.02207410 -0.02989486 -0.06352644 
-0.02711889 -0.00848573 -0.03309780 0.03643941 
-0.07206460 -0.02754053 -0.01837267 -0.14431290 
0.05274221 -0.01860093 0.10766887 0.06013965 
0.08014598 -0.03717108 -0.07045582 0.07010701 
0.00611787 -0.07446915 0.01498206 -0.16633677 
-0.02763020 0.07573873 -0.05260385 -0.02273822 
0.14347159 0.05028784 -0.05803244 -0.01810832 
-0.04459207 -0.02047230 -0.00103220 -0.14364267 
-0.01501853 0.02998102 0.02645878 -0.10595748 
0.08766971 -0.09084527 -0.03463115 0.02430536 
0.06109580 0.02924447 0.05645816 0.05466256 
0.02681247 -0.01213115 0.07278828 -0.06348540 
-0.00162926 -0.03102382 -0.03856707 0.09933162 
0.05677931 -0.05553688 0.08210037 0.01381862 
0.08119021 0.08012728 -0.00174591 0.05500184 
-0.08700565 -0.09722391 -0.00800995 0.07003397 
0.04925754 -0.05123094 -0.05629028 -0.06064862 
-0.01942898 -0.05038214 -0.14251665 0.11945617 
-0.02529379 -0.00645772 0.11868354 0.02343698 
0.01289176 -0.06102714 0.00016244 -0.10239801 
-0.00804575 -0.06729158 -0.04517084 0.03014105 
0.01820440 0.01128357 -0.01654176 -0.05681687 
0.00151474 0.02760670 0.06524790 0.09540896 
0.11456644 -0.09940018 -0.04029667 0.05989333 
0.01429591 0.03312699 0.02353614 -0.16644917 
0.06329046 -0.06047683 -0.06881293 0.00908243 
0.06457065 -0.14252765 -0.11735212 0.01587636 
0.07570292 0.00059061 0.01812132 -0.20225426 
0.07364438 0.03782786 -0.01390348 -0.08927633 
0.08949922 -0.06427512 -0.04211494 -0.03267705 
-0.00405773 -0.02591714 0.06996375 0.07738151 
0.10371506 -0.03548519 0.05681609 -0.07572680 
-0.07012554 -0.05976372 -0.07214393 0.07816588 
0.07760860 -0.04054198 0.08697688 -0.00443186 
0.04487724 0.00888547 -0.02062710 0.01843940 
0.03526458 -0.00979849 -0.04182921 0.08225635 
-0.04365466 -0.01100117 -0.03521695 -0.06868785 
0.01998982 -0.06970110 -0.14092966 0.15547628 
0.06554534 -0.03101386 0.14822212 0.02178524 
-0.02185829 -0.10750748 0.02978589 0.00849427 
0.03789033 -0.07297549 -0.03368641 0.02954990 
0.00424744 -0.05040250 0.00481956 -0.03674366 
0.00559273 0.02478415 -0.01698914 0.07222825 
-0.00132414 -0.00521461 0.02771192 0.02823411 
0.00321464 -0.03172404 0.04036015 -0.11067814 
0.00288352 -0.00205140 -0.19901081 -0.05703866 
-0.00084686 0.03471688 -0.10137873 0.06789733 
0.03947109 -0.05707992 -0.05332317 -0.28126651 
0.00390147 0.04691350 -0.00739548 -0.00797418 
0.07897299 -0.11698678 -0.06251875 -0.00269051 
0.02325024 -0.02996348 0.10319050 0.11459306 
-0.05363804 -0.04022062 0.06529050 -0.03829320 
0.05498168 0.01704560 -0.00894984 0.08719646 
0.01060149 0.02578045 0.04883093 -0.06061518 
0.05908870 0.09178624 -0.00361535 0.01812907 
0.04128981 0.05091347 -0.13393807 0.07368229 
0.00855413 -0.03725184 -0.03952326 -0.02013276 
0.04368678 -0.06863988 -0.15597634 0.13089879 
0.05997120 0.02264213 0.17594405 0.00057522 
0.03752968 -0.05455414 0.01066623 0.05509472 
0.09245795 -0.03368470 -0.03762443 0.01796881 
0.13584058 0.02811612 0.00280316 -0.05445328 
0.08584721 -0.12382181 -0.02554940 0.01390579 
0.02533814 0.06506014 0.03461751 0.03335163 
-0.03067901 0.02183296 0.01054995 -0.15586204 
0.03667204 -0.02727486 -0.09542168 -0.05632181 
0.01273412 -0.08293500 -0.05259122 0.10753498 
0.10657905 0.05143359 -0.07196405 -0.29475978 
0.06072273 -0.06419111 -0.04150539 -0.04995088 
0.03845667 -0.08244485 -0.04466482 0.01757436 
0.06254187 -0.09671015 0.08079271 0.04057540 
0.05516996 0.06972634 0.04996381 -0.07932960 
-0.00374513 -0.04238678 0.00158535 0.12382826 
0.02361121 0.01217819 0.05132869 -0.02333141 
-0.01397584 -0.10043360 -0.00367812 0.02395880 
0.03552608 -0.09246388 -0.12394324 0.10065863 
0.01551742 -0.01383793 -0.03377974 0.04204432 
-0.00711388 -0.08789338 -0.15417286 0.17402012 
-0.00720059 -0.01378338 0.19093322 0.02069285 
0.03782319 -0.09026322 -0.01199520 0.02530537 
0.07992646 0.00776045 0.00428138 0.01937660 
-0.01592041 -0.01157850 -0.02504306 -0.01925560 
0.02425405 -0.09176622 -0.01556369 0.03088398 
0.01606881 0.05593072 0.07366123 0.09916846 
0.01321728 -0.00234542 -0.06601221 -0.22893489 
0.12288689 -0.09191211 -0.06003321 -0.01680605 
0.01766062 -0.04314066 -0.03429439 0.15223371 
0.03015590 0.03449464 -0.06797374 -0.30956542 
0.00321164 -0.09084836 -0.08608471 -0.08383452 
0.02932850 -0.03640969 -0.04855224 -0.00232078 
0.01628700 -0.02975729 0.08796250 0.00609628 
0.05402453 -0.00267603 0.00430840 -0.06570521 
0.03820457 -0.03086978 -0.01157957 0.11095833 
-0.01209219 -0.06747681 0.02360620 -0.00679276 
0.06555417 -0.01407340 0.02863818 -0.03247166 
0.03376352 -0.03924383 -0.16513347 0.05663933 
0.05871367 -0.11472765 -0.00896984 0.08511856 
-0.00493944 0.00425342 -0.10112282 0.25878375 
-0.00600104 -0.03846512 0.21041142 0.00238215 
0.00618180 -0.09192278 -0.04450191 0.02418257 
0.10538033 -0.08794669 0.00014782 0.07824131 
0.05073573 -0.04699074 -0.02730519 0.00373812 
0.09507091 -0.08611353 -0.04411527 0.08456444 
-0.03554288 -0.00580100 0.13245090 0.08548670 
0.04804309 0.05150116 -0.02089742 -0.27217203 
0.05823463 -0.05007827 -0.09749644 0.00109522 
0.01375629 -0.08745177 -0.03144613 0.17871946 
-0.02949833 0.01166177 -0.01664317 -0.33245698 
0.03724473 0.02652083 -0.10659828 0.02290593 
-0.06147795 -0.08271593 -0.05447090 0.03386506 
0.01704888 0.06572958 0.08650327 0.04260289 
0.02601112 0.01226140 -0.03618410 -0.09118479 
0.08210186 -0.01402957 -0.02148731 0.09462912 
0.02698268 0.01994846 0.00708705 0.04326825 
0.02077163 0.03113537 0.08100465 -0.05856231 
0.05105287 -0.03893377 -0.14099629 0.05293946 
0.02836856 -0.02895917 -0.01478323 0.17404477 
0.04503680 -0.04168005 -0.09306792 0.29951625 
0.06413961 -0.01370286 0.17800294 -0.03298835 
0.05254768 -0.08078598 -0.07630946 0.02890813 
-0.00978990 -0.09116171 0.00965739 0.12811105 
0.09337422 -0.08948400 -0.03951267 0.06861706 
0.01790802 -0.06383975 -0.10883919 0.07052051 
0.04550943 -0.01740625 0.16733202 0.02582447 
0.00882193 0.05493645 -0.03431799 -0.30484686 
-0.03677239 -0.05411177 -0.16661120 0.03612126 
0.04687842 -0.01104999 -0.01738893 0.16193397 
0.04862623 -0.01418853 0.01929174 -0.40831215 
-0.00978061 -0.01996231 -0.14736601 0.05809969 
0.03362538 0.00870225 -0.09468736 -0.03969170 
0.01076993 0.00408071 0.00465993 0.05696637 
-0.03688382 -0.04675382 -0.06532786 -0.13128261 
0.04843097 0.04454528 -0.05133970 0.07985069 
0.05809308 -0.06515408 -0.01743751 0.08287008 
0.02234573 0.06870090 0.02988634 -0.08617671 
0.02970759 -0.03691030 -0.14015691 0.00407170 
-0.00579821 -0.02122322 -0.05623104 0.12066308 
0.00153500 0.01332257 -0.10636461 0.17731968 
0.08214583 0.07155795 0.13432937 -0.06398817 
0.05345922 -0.03282460 -0.04617120 -0.02059891 
0.05455117 -0.06506266 0.05225404 0.12408860 
0.05129558 -0.02493766 -0.05658782 0.01854632 
0.05189561 -0.07039111 -0.07986910 -0.01707381 
-0.06475339 -0.00003986 0.10029596 0.04204612 
0.10415670 -0.12078412 -0.06572667 -0.26914502 
0.04517736 -0.05927163 -0.09843676 0.02244742 
-0.02578229 -0.04320314 -0.00713634 0.11978302 
0.01192067 0.02847531 0.01225795 -0.35413672 
0.02099017 -0.12451492 -0.07860076 0.04142431 
-0.02629735 -0.05979579 -0.10662799 -0.09972481 
0.05030629 -0.01280303 -0.03046076 0.05785346 
0.07142117 -0.01095847 -0.10267323 -0.12329070 
-0.03452899 -0.13291544 -0.06021145 0.05199920 
0.09907168 -0.01368146 -0.00201161 0.03274464 
0.07053663 -0.08675929 0.02746274 -0.18034741 
0.08631308 -0.15085685 -0.13317840 -0.00865960 
0.05765383 -0.05334484 -0.07819874 0.12842934 
-0.00108288 -0.00594142 -0.04514336 0.14389673 
-0.00472403 0.08052477 0.07401636 -0.06726516 
0.03473528 -0.06162118 -0.01831682 0.05206630 
-0.03060196 -0.02823224 -0.00169509 0.06024695 
0.00981325 0.05909770 -0.05243802 0.02040924 
0.07192029 -0.00964516 -0.09445409 -0.05820031 
0.02450474 -0.06884316 0.06332980 0.02290192 
-0.00631510 -0.04826385 -0.06085927 -0.22249320 
0.03543745 -0.11597158 -0.05849945 0.01329874 
-0.06850008 0.04022210 0.02159802 0.11658691 
0.07234643 -0.02120360 0.01561893 -0.28831702 
0.09872586 0.03678658 -0.07807689 0.06242519 
0.04812678 -0.01112780 -0.10745236 -0.05967845 
0.08203352 -0.03579672 -0.04007396 0.08979294 
-0.06978548 0.01994396 -0.09148821 -0.08673106 
0.12423774 0.01195801 -0.05005365 0.05453487 
-0.04545626 0.05513994 -0.00769686 0.01373537 
0.06255282 -0.04526820 0.05031822 -0.13468431 
0.09636510 0.02693696 -0.14520142 -0.00899831 
0.04725193 -0.04609897 -0.12810346 0.13259003 
0.03102935 0.02615351 -0.04132359 0.14294710 
-0.02367340 0.09791246 0.06399175 -0.05321010 
0.07833543 -0.14176463 -0.01968325 0.11020121 
0.01201763 -0.05750688 -0.02007154 0.02209475 
-0.05861370 0.04322181 -0.05495295 -0.02682429 
-0.00100590 -0.02221576 -0.12687874 -0.07407417 
0.02219118 -0.06218129 0.06410208 0.00203608 
0.07205930 -0.04469832 -0.01033979 -0.20804172 
0.08379246 -0.02362347 -0.06061379 -0.00274796 
0.00267543 0.04314079 0.04522156 0.11387257 
0.11212275 0.07525800 0.07233257 -0.26152427 
0.01339458 -0.03347956 -0.07370145 0.02558390 
0.07969489 0.01263122 -0.02521743 -0.06392669 
0.08707519 -0.02867409 -0.11527935 0.04077155 
-0.05779328 -0.07168012 -0.07722546 -0.07027737 
0.07797442 -0.07968008 -0.04189390 0.05823403 
0.04528441 -0.10158979 -0.01134804 -0.03332012 
-0.00270007 -0.00534009 0.09531080 -0.09300826 
0.02458863 -0.02650676 -0.14895401 0.02002567 
0.01962333 -0.11324371 -0.14541081 0.09640228 
0.07282020 -0.06398921 -0.09776690 0.14622921 
-0.00614926 0.07128616 0.09015169 -0.02221253 
0.01298833 -0.05908767 0.03533306 0.06415686 
0.05390596 -0.17745920 0.03073380 0.01313391 
0.05521286 0.02062041 -0.05421555 -0.05133712 
-0.01245775 -0.06283760 -0.10570478 -0.09257609 
0.11822629 -0.05438810 0.04002891 -0.04583690 
0.08234225 0.00274070 -0.00348039 -0.23367940 
-0.08317683 -0.04137735 -0.06983991 0.01128020 
-0.00521776 -0.01742275 0.02851044 0.11647183 
0.04183017 0.01313928 0.10441819 -0.19510946 
-0.01145388 -0.06835681 -0.04417322 0.01688124 
0.03159417 -0.01936265 -0.03044612 -0.11236686 
-0.01731591 0.01684400 -0.08925175 0.10497127 
-0.01940432 0.06233506 -0.07712818 -0.02318314 
-0.00356361 -0.06905855 -0.01786198 0.03507962 
-0.05430071 0.05944632 -0.00700926 0.02676325 
0.04275348 -0.07539716 0.07067439 -0.09233231 
-0.00774518 -0.06000303 -0.13210075 -0.00683184 
0.02794355 -0.02572941 -0.14787949 0.04314297 
-0.02068047 0.03454324 -0.09651217 0.09113758 
0.01376776 -0.01749838 0.10664400 -0.00842216 
-0.00933470 0.00791930 0.07746117 0.00818325 
0.12838212 -0.08238771 0.04959308 0.03867008 
0.05105709 -0.04988213 -0.02104522 -0.07665229 
0.10675582 -0.01766074 -0.07438325 -0.09014087 
0.00956133 -0.01129566 0.02363692 -0.07728356 
-0.00527670 0.01280552 0.00876627 -0.18906805 
0.02572800 -0.06822883 -0.03170607 0.03397060 
0.05711790 -0.02513119 0.03599878 0.16609873 
0.04602490 -0.02119650 0.06221514 -0.19320197 
0.04735352 -0.07389869 -0.00183560 -0.00189750 
0.02100042 -0.05966573 -0.00600957 -0.06995440 
0.01645863 -0.08143644 -0.06854670 0.07613854 
-0.04303308 0.05667913 -0.06009708 0.00635523 
-0.01738844 0.07482794 0.04205246 0.04844801 
-0.00706505 -0.04347831 0.00413415 0.02020597 
-0.00989957 -0.05866901 0.06318715 -0.07441730 
0.07458589 -0.14731651 -0.06522354 0.02492902 
0.02352007 -0.09623932 -0.15576185 0.01791115 
0.07140076 -0.13414625 -0.11730598 0.06622239 
0.11926636 -0.03437863 0.07273440 -0.01313667 
0.06069287 -0.03412129 0.10605620 -0.00225433 
-0.00076016 -0.02903454 0.04705021 0.04719123 
0.00597107 -0.03513775 -0.01197610 -0.08424569 
0.00081290 -0.02969541 -0.02934886 -0.04007924 
-0.00728298 0.02516413 0.02066720 -0.12396096 
0.02369988 0.03551179 0.02631203 -0.19909291 
0.00586340 -0.00718417 -0.04978919 0.01739182 
0.05242030 -0.07193759 0.04378625 0.20002865 
0.01487217 -0.02601708 0.05943284 -0.18785451 
0.03797835 -0.02862977 0.03464902 0.00136060 
0.11946989 -0.00189821 -0.01195130 -0.08112778 
0.04861526 -0.02306180 -0.07046788 -0.01510366 
0.10791610 0.00397193 -0.06017502 0.02357844 
0.00017823 -0.03218096 0.05932072 0.03048827 
0.01779845 -0.01988694 0.00559161 0.02817789 
0.04780980 -0.05792541 0.06031970 -0.06650021 
0.00402125 -0.04630676 -0.05792308 -0.01184017 
0.05670803 -0.05325634 -0.08973199 -0.02442016 
0.03421208 -0.02023327 -0.12014134 0.11050858 
-0.01138520 0.02199506 0.06985847 -0.00050600 
-0.01690723 -0.13171260 0.07944622 0.01706948 
-0.01622501 0.03436148 0.03833473 0.04128170 
0.03494377 -0.06787776 -0.05399296 -0.10301245 
0.03518796 -0.07565146 -0.05418483 -0.04029543 
0.05250424 0.00365502 0.03488408 -0.12926996 
0.02503479 -0.04321649 -0.00787801 -0.22552466 
0.01441208 0.00010318 -0.10319728 -0.02175032 
0.01286815 -0.04634911 0.07666967 0.19398368 
-0.03996254 -0.00331727 0.02335229 -0.14014043 
0.00439437 -0.06062136 0.02084482 -0.01863385 
0.04385514 0.00684618 0.05472095 -0.04691140 
-0.01741093 -0.00804504 -0.04828055 0.02188647 
0.14641922 -0.08775965 -0.05996091 0.01116851 
0.02218473 -0.02272157 0.06475170 0.03043009 
0.03226408 -0.02131158 -0.00007770 0.07755838 
0.06016184 -0.05966609 0.04403418 -0.04328821 
0.04222301 -0.03081387 -0.02625431 -0.01574896 
0.08251186 -0.03718614 -0.03166648 -0.07660644 
0.04195672 -0.05924869 -0.10338822 0.14427660 
0.03816637 -0.02570771 0.07701975 0.03425743 
0.03167069 -0.02564945 0.08519360 -0.01134178 
-0.07401154 -0.03118918 -0.00142618 0.05628711 
-0.04709300 -0.08947329 -0.04912889 -0.16310678 
0.00659084 -0.00555172 -0.02400355 0.01547348 
-0.00524288 -0.05742375 0.03712165 -0.09693297 
0.04757527 -0.06404256 0.02824292 -0.23884676 
0.07223232 0.09782945 -0.09197252 -0.05992698 
0.06287892 0.04194195 0.05608243 0.18486824 
-0.02389914 0.05612641 -0.04543032 -0.13802795 
-0.00283476 -0.03614948 0.01971427 -0.06665824 
0.00278722 -0.02686475 0.07425927 -0.05213372 
0.00738558 -0.01802289 -0.01144190 0.08589444 
0.07316029 0.01470521 -0.02088862 0.02331168 
0.09323664 -0.12533510 0.08185955 0.03265649 
0.00368897 -0.02953788 -0.00724369 0.08212974 
0.01314853 -0.00479082 0.03265890 -0.00138240 
0.03609981 -0.00525922 0.05951224 -0.06225163 
0.05790111 -0.09590343 -0.00278278 -0.03189663 
0.09417748 -0.07400294 -0.11379079 0.15374904 
0.13706886 -0.02810315 0.04631326 0.05356259 
0.02249293 -0.03339071 0.04801635 -0.01727571 
0.07779883 0.02300204 0.05536237 0.07708822 
0.03791629 -0.02680451 -0.02870096 -0.17266764 
0.03802372 0.05247490 0.00568836 0.03010289 
0.00638198 0.04603354 0.08560740 -0.07659913 
0.01500782 0.03232542 -0.00342014 -0.25033595 
0.01346087 -0.10945904 -0.02104111 -0.01746815 
-0.02763534 -0.00032878 0.03126883 0.19038199 
0.04678488 -0.02868864 -0.07301366 -0.10367695 
0.05150601 -0.07610248 0.00280229 -0.06927857 
0.06292133 -0.03346333 0.04318120 -0.06566908 
0.08420788 -0.01470317 0.03607457 0.05848596 
0.01185010 0.02445671 0.03281612 0.02454352 
0.01695941 0.04301280 0.06180477 0.03835422 
0.02583364 -0.07331617 0.03243567 0.11256375 
b1
-0.00402772 -0.13539717 -0.20868163 0.36889882 
w2
5.40131333
-4.70764946
-4.98747351
4.78661171
b2
5.29643059
errfunc linear