nlayers 2
nin 418
nhidden 4
nout 1
nwts 1681
w1
0.07490519 -0.11210971 0.04021733 0.15113505 
-0.01182604 -0.10325515 0.06383925 0.07756957 
0.14354122 -0.05389142 0.06100331 0.11456574 
0.01989531 -0.02576653 -0.05044348 -0.05613905 
0.08225782 -0.13264185 0.03481275 0.07819336 
-0.01588997 -0.05429872 -0.07204477 0.06136212 
0.11725581 -0.06220058 0.06782860 0.12424892 
0.02699750 -0.03776702 0.00869179 0.01613884 
0.06972942 -0.03421134 -0.07488138 0.10012707 
-0.02165190 -0.01598405 -0.09941206 0.06890826 
0.11947655 -0.03567904 0.03433677 0.08490735 
-0.10601264 -0.04179270 -0.05800882 0.04317522 
0.10639086 -0.10939316 -0.00406491 0.12835413 
-0.03092363 -0.05184881 0.04726450 0.03141326 
0.08983986 -0.11663269 0.03305777 0.06411130 
-0.02529903 0.06115170 -0.09957104 0.12836223 
0.09555911 -0.10476822 0.01950426 0.06551690 
-0.05691384 0.07027186 -0.07559558 0.01231642 
0.10496586 -0.09837918 0.10273353 0.15933310 
-0.02508519 -0.06211725 -0.04843380 0.09807517 
0.02362048 -0.05484941 0.00785992 0.14715415 
-0.06120558 0.07506479 0.05202955 0.02060293 
0.14350438 -0.08863863 -0.01231948 0.11575467 
-0.11614740 -0.00662731 -0.11959571 -0.03847811 
0.16677113 -0.03743111 0.05601082 0.05519735 
-0.01606889 0.02576999 -0.08057471 0.08042197 
0.10192789 -0.05705812 -0.00155964 0.06449631 
0.02255773 0.02994302 -0.07451590 -0.01928535 
0.10605630 0.01298778 -0.10378597 0.13157349 
-0.12899065 -0.06733921 -0.21396479 0.03062483 
0.11592278 -0.02551311 0.02015814 0.16453855 
-0.02657713 0.00713043 -0.00317540 0.01016865 
0.11111768 -0.04105317 0.00334074 0.15301593 
-0.06408989 -0.01117826 -0.08226910 0.00971701 
0.10021476 -0.02206898 -0.01659443 0.09578291 
-0.08984676 -0.05727588 -0.11863187 0.03318193 
0.05883548 -0.04669257 -0.03213225 0.14077073 
-0.13041397 -0.08945784 -0.06835631 0.00254619 
-0.00041057 -0.01907580 -0.11477203 0.04922565 
0.09889062 -0.00649092 0.01448974 0.00251243 
0.09563004 -0.05698533 -0.01502780 0.02206050 
0.02821816 -0.06240620 -0.00319428 0.06149521 
0.04668958 -0.03760269 -0.00826857 0.08580901 
0.00482767 -0.07347597 0.02151306 -0.02262447 
0.10118298 0.01914522 0.06515721 0.03241805 
0.02339888 -0.00805647 -0.02749536 0.02464448 
-0.06092824 -0.07421945 -0.01828129 0.04214110 
0.01845497 -0.05747367 0.01596623 0.07926546 
0.01593102 -0.04409735 -0.06092196 0.07003524 
-0.03133627 0.03887815 0.01276947 0.14710278 
0.00730347 -0.09994778 -0.00603046 0.02188232 
0.03202446 -0.02119065 -0.05596110 -0.00134214 
-0.06717273 -0.02648954 -0.12406623 -0.03840966 
-0.06149293 -0.07229830 0.02468456 0.04800922 
-0.01805574 -0.07113653 -0.04757916 0.03337904 
-0.07593606 0.07086915 -0.10345809 0.02130908 
-0.08816073 -0.06577006 -0.02396864 0.03755369 
0.07650396 -0.08824202 0.03537164 0.08194592 
0.03322833 -0.06851864 -0.05078890 0.15030054 
0.04070786 -0.06762668 -0.00650187 0.15511653 
0.08429508 0.01853212 0.00465415 0.03618399 
-0.04607814 -0.10239515 0.07599145 0.05043303 
-0.04686042 0.01545522 0.02904549 -0.03376550 
-0.00459659 -0.07098014 0.03888166 -0.02704850 
0.01489453 -0.01397333 0.03141108 0.11213923 
-0.05577513 0.01284570 -0.07272719 0.07022410 
-0.07982192 -0.09183305 -0.05344007 0.03882098 
0.02378693 -0.08745839 0.05215515 0.03970846 
0.01321966 -0.04462868 -0.04472659 0.07936155 
0.06477985 -0.03280370 -0.02268009 0.05711971 
0.10615448 -0.05575537 -0.01891749 0.03376795 
-0.03102920 -0.06911122 -0.06822893 0.07603797 
-0.04195158 -0.02848326 -0.08895236 0.09532869 
-0.01492746 0.03112876 -0.00115243 0.08084921 
0.06060647 -0.03652681 -0.01561899 0.04265627 
0.06335871 0.05330978 -0.10859764 0.05922625 
-0.04565969 -0.09548454 0.02187182 -0.07297661 
-0.03569464 0.02225011 -0.04256866 0.00544360 
-0.04283585 -0.12442724 -0.03033880 0.05629829 
-0.01568718 -0.00714757 0.04150666 0.12858517 
0.00896992 -0.07985069 0.05387372 0.00765045 
0.06142820 -0.09547429 0.05379071 0.03622464 
0.02058369 0.00883306 -0.00288453 -0.06285093 
0.03495822 -0.00328092 0.00911396 0.06346985 
0.05919980 0.00460058 0.01187706 -0.02117007 
0.02365243 -0.00382460 -0.03417382 -0.01970376 
0.03123807 0.03908816 0.03384768 0.03810288 
-0.01041163 -0.01167322 0.02249789 0.03083066 
-0.08949684 -0.06054314 0.01468417 0.06821733 
0.04217908 -0.01965123 0.00101716 0.13941007 
0.03916741 -0.01741458 -0.02337255 0.05326057 
0.08209287 -0.01043653 -0.01236881 0.05381755 
-0.04998999 -0.03464033 0.08663724 0.08869300 
0.01095809 -0.04451989 0.02426134 0.06817699 
0.03626950 -0.02662398 0.02651453 0.04969171 
-0.01827231 -0.05477793 -0.05515737 -0.05561845 
0.04547387 -0.00784200 -0.04375849 0.12607002 
0.03241841 -0.11949729 0.01233934 0.02880167 
0.01643285 -0.04954705 0.07726330 0.04825743 
-0.02394055 -0.03291275 0.01193024 -0.04501785 
-0.05902225 0.04712541 0.01511100 0.05295442 
-0.07969589 -0.03232485 0.11026698 0.03863442 
0.07603873 0.02652688 -0.01551036 -0.01735586 
-0.04256844 -0.05389526 0.05195430 0.09066386 
0.01321335 -0.03408346 0.02599225 -0.04410194 
0.06011932 -0.02656716 -0.01934145 0.02480561 
0.01222342 -0.05968634 0.02169740 0.03081865 
-0.03200435 -0.05458372 0.00959508 -0.00181023 
-0.02719815 0.03688883 0.03473383 0.12068936 
-0.02056629 0.01091797 -0.05586026 0.10546528 
0.00137282 -0.01011594 0.02254430 0.10700575 
-0.01957418 -0.00245718 -0.09199953 0.14139336 
0.06100971 0.05071059 -0.04906384 0.07697789 
0.02429445 -0.08454464 -0.03367939 0.02605564 
0.02820420 -0.01077770 -0.00790177 0.04842759 
0.04635735 -0.07003193 -0.02285176 0.05283011 
-0.03767785 -0.07185044 -0.02147632 0.05488397 
-0.00253050 -0.02344404 -0.03812900 0.21587943 
-0.03286578 -0.12269284 0.02045882 0.03203771 
0.04025440 -0.09410700 0.05284619 0.04482026 
0.05352314 -0.03151675 -0.01939807 0.06670966 
0.03170351 -0.15166954 0.04312209 -0.08690833 
-0.01719019 0.02069577 -0.01556418 -0.01441069 
-0.00485379 -0.03377237 0.05316279 0.03192978 
-0.04378814 0.07340343 0.06960380 0.04240615 
-0.03726498 0.03505641 -0.03927909 0.07864487 
-0.06465647 0.03039707 0.04685509 0.02062683 
0.03313817 -0.02112220 -0.05212981 0.17330635 
0.03336436 -0.03917263 0.00375511 0.04509251 
0.03317869 -0.06827205 -0.01607630 0.08428631 
-0.00808308 -0.10220312 0.00665365 0.03268154 
0.04955530 0.00888748 -0.03332089 0.04051229 
0.03579475 0.00023564 -0.07476725 -0.05339648 
0.05156627 0.00139994 0.02706252 0.07583732 
0.02235199 0.04103640 -0.02628278 0.13176498 
-0.02795951 -0.01898648 -0.09480481 0.03530070 
-0.10191324 -0.06805442 -0.08731164 0.02855895 
-0.03315750 -0.05519658 -0.04135094 0.06331790 
0.02493371 -0.11489743 0.01058999 0.06070722 
0.10068282 -0.05906315 0.06680651 0.04249387 
0.02200039 -0.06998185 0.02058809 0.03548191 
0.00997169 0.01750136 0.05784563 0.09298018 
0.05445506 -0.04630863 -0.01673784 -0.03582975 
0.04932432 -0.08000168 0.09337334 0.06564567 
-0.00183417 0.02132851 0.13238311 -0.04550317 
0.04294232 0.00364715 -0.06683447 0.09119559 
-0.00955585 -0.03262251 0.06917976 0.06264352 
-0.01649394 -0.06267030 -0.02306902 0.06192624 
0.03248969 -0.00031890 -0.09944844 0.01899892 
0.06184570 -0.07823803 0.04575590 0.03528007 
-0.03189485 -0.04501891 0.04635587 0.09058489 
0.06463404 0.05911056 -0.10513635 -0.02075401 
-0.05436268 -0.03069066 0.01461562 0.09066209 
0.00317548 -0.09184688 0.06108417 0.08053457 
0.10749212 -0.01545228 -0.00123032 0.07449232 
0.05256774 -0.01970185 -0.00280856 0.08753566 
-0.00082447 -0.07453590 -0.06425817 -0.04834721 
0.01764068 -0.06704095 -0.03311071 0.08436702 
0.03983938 -0.00008268 -0.06604741 0.14981963 
0.10317451 -0.05688457 0.02988230 -0.00776681 
0.11371514 -0.09027668 -0.04467081 0.04595970 
0.01841293 0.00852249 0.12733403 0.04338241 
-0.02509992 -0.03448434 -0.05170523 -0.04196202 
0.05842875 -0.04078037 0.12976961 0.07772589 
0.02175274 -0.01422981 0.12352924 0.04695143 
-0.04748928 -0.05395742 -0.01668866 0.02061580 
0.04265157 -0.04599957 0.06090254 -0.08554944 
-0.05926320 -0.02035817 -0.09420691 0.17299906 
-0.02212889 -0.04069806 -0.08417391 -0.00234033 
0.01452992 0.00022020 0.09497037 0.08989736 
-0.05516780 -0.06449371 0.02901816 0.03345605 
0.01372669 -0.05180501 -0.05094333 -0.04872279 
0.04502682 -0.03299116 -0.01381097 0.02343060 
-0.02745624 -0.03410741 0.06373622 0.05717272 
0.04160706 -0.05047457 0.06870136 0.08783172 
0.05912487 -0.04684583 -0.08222512 0.02324237 
0.06084103 -0.05058116 -0.00716186 0.14119275 
0.06726845 -0.08243808 0.05411956 0.03312353 
-0.08915381 -0.04789354 0.02131797 0.10778893 
0.04246437 0.04722110 0.10207570 -0.05317543 
0.02927101 0.04715700 0.05505678 -0.00247920 
0.03019776 -0.02116701 0.18107235 -0.06128797 
0.03000167 -0.04055297 -0.12521450 0.06156755 
0.03260065 -0.03251555 0.16968163 0.04522035 
0.10468630 0.01012822 0.09333048 0.09459339 
0.01545324 -0.03305210 0.02636045 0.06794672 
0.02400059 -0.07572284 0.00954769 0.01046197 
0.00233859 0.02061175 0.04430118 0.03186812 
-0.04060739 0.00153709 -0.01105430 0.08808906 
-0.01293379 -0.12414984 0.07597797 0.04158092 
0.03735393 0.01521877 -0.02513572 -0.02790438 
0.05207003 0.04489782 -0.02826008 -0.01908622 
-0.02868864 -0.02809592 0.04526502 0.11193383 
0.03356978 -0.03348341 0.03668872 0.02812227 
-0.01061964 -0.05183427 0.04962231 0.00450173 
0.03603440 -0.06949961 -0.08944638 -0.07260895 
0.04091328 -0.03546273 0.00022918 -0.02761033 
-0.00910904 0.03444583 -0.03088448 0.09675740 
-0.04594976 -0.03119757 -0.02656086 0.06544639 
0.10843356 -0.02349693 0.18244400 0.08956588 
0.01167693 -0.07574904 0.05656238 0.10531102 
0.07175623 -0.02635485 0.18468784 0.03355344 
0.06608283 0.01838929 -0.12318092 0.11481865 
0.07703028 -0.03976698 0.11967552 -0.01072211 
-0.05463247 0.02363744 0.08038054 0.08090090 
0.11042084 -0.01712140 0.02854477 0.08101071 
0.08385245 -0.01857130 0.11525809 0.06254746 
-0.04010599 -0.03820209 -0.11039977 -0.00445447 
0.00311669 -0.02286278 -0.09309494 0.05009049 
0.14034035 -0.05569913 0.07135909 0.03374527 
0.06750206 -0.08238690 0.08996200 -0.01742896 
-0.00850851 -0.03538890 -0.11019613 0.03992219 
0.02794536 -0.03655008 0.08966980 -0.01416856 
0.04006009 -0.02397342 0.07520366 -0.05119311 
0.01484982 -0.05087825 0.03756762 0.10707072 
0.05671356 -0.08250275 -0.03669151 0.10582347 
0.06939593 -0.07966966 -0.04239280 -0.02111934 
0.00753534 -0.03505666 0.02738614 0.05279158 
0.00956311 -0.03174373 -0.09694568 -0.02110811 
0.05702954 -0.01719728 0.16251834 -0.04695353 
-0.05586122 -0.11700304 0.16310232 0.05699926 
-0.11506488 -0.03480017 0.17852172 0.07202644 
-0.05776366 -0.05915978 -0.16607330 -0.01796019 
0.02051601 -0.03530393 0.15575216 0.11578576 
0.00183878 -0.02891225 0.18123284 -0.08122487 
0.06732914 -0.02906368 0.02741620 0.00705326 
0.01870616 0.01717527 0.10479972 0.02055379 
0.03180031 -0.05589934 -0.11231407 0.08728390 
-0.01112114 -0.07574955 -0.12052472 -0.04037103 
0.01408244 -0.04831706 0.09705387 -0.02480612 
0.05109672 -0.07939983 0.00907134 0.04392587 
0.06666266 -0.02295239 -0.20316494 0.12141780 
0.06206289 -0.05555910 0.05515374 0.14982203 
0.01990866 -0.06287046 0.07903691 0.08540988 
0.01676716 0.01833165 0.08303735 -0.00972978 
0.05054402 -0.04164931 -0.12938532 0.06420808 
0.03529550 -0.02590695 -0.01284333 0.06172751 
-0.08713034 -0.08771342 -0.09999072 0.03560532 
-0.00278769 0.05615672 -0.08848723 0.09162081 
0.09288662 -0.03559181 0.12626209 -0.00361289 
0.06616116 0.00724720 0.11169482 0.08871972 
-0.03440596 -0.13205482 0.14425434 0.05641176 
-0.05787069 0.01179554 -0.09083653 0.07967237 
0.11989364 -0.02557938 0.08333429 0.04489569 
-0.00856506 -0.04827546 0.09381715 0.05216873 
0.08176969 -0.03344010 0.05033326 0.13335514 
0.01405706 -0.01389564 0.07800588 0.10197469 
-0.01682988 -0.09657451 -0.08052108 0.08735457 
-0.00995875 0.01455164 0.03627019 0.15326404 
0.10445369 -0.05483352 0.11159247 -0.03007893 
0.04439113 -0.07031429 -0.07210860 0.13796950 
-0.03715355 0.03777192 -0.16976738 0.02896654 
0.01557886 0.08275360 0.01743334 0.04227006 
0.11657801 -0.12274607 0.08594356 0.11871336 
0.03375607 -0.10376141 0.09996670 0.08993796 
-0.01384439 -0.03879261 -0.04868764 0.03144233 
0.04788711 0.04059660 -0.00092927 0.07770849 
0.05839715 -0.03219295 -0.02659152 -0.07126238 
0.01637209 -0.01588838 -0.11472498 -0.00434394 
0.01319022 0.01946632 0.05541420 0.07322597 
0.11503699 0.01817752 0.10890655 0.13773938 
-0.01478297 -0.05306659 0.13921809 0.02372798 
-0.00156824 0.05951847 -0.01927695 -0.04648805 
0.04756653 -0.07183640 0.04033040 0.06062089 
-0.01559159 -0.06683581 0.07644873 0.04337558 
0.06177383 0.04561519 0.02114029 0.01707422 
-0.00939332 -0.11803923 0.01256899 0.03707671 
0.00281586 -0.01178453 0.00534380 0.03344131 
0.06099594 -0.09453532 -0.04497124 0.04702501 
-0.06925276 -0.04489220 0.10214792 0.05289318 
0.02448316 0.02121782 -0.02125130 0.08197984 
0.04808394 -0.01768347 -0.12735176 0.08302241 
0.02163314 -0.05886751 0.05628294 0.05951365 
-0.00132634 -0.21139655 0.13079330 0.07651196 
0.06196995 -0.10342094 0.07917561 0.04346904 
0.06353301 -0.15001103 -0.03210393 0.15950141 
-0.00273274 0.03592832 -0.03348380 0.11450610 
0.01938415 -0.04334000 -0.10668475 0.05053541 
0.02259740 -0.01741407 -0.04142824 0.01146735 
-0.01081076 -0.06174653 0.12539712 -0.03706059 
-0.00375708 -0.03179488 0.06527946 0.08292438 
0.01990913 -0.06749025 0.12218262 0.02177881 
-0.02808015 -0.02517882 -0.10295938 -0.02126324 
-0.02581333 -0.03338220 0.10406861 0.07182455 
0.01642906 -0.06454738 0.06133280 0.00757418 
0.05149031 -0.03256528 -0.02504968 0.06313177 
0.01365633 -0.04575590 0.07325896 0.04963325 
-0.00691146 -0.04954026 -0.13541068 -0.00391117 
-0.00107834 0.01317989 -0.08846403 0.05521068 
0.06460108 -0.02369454 0.04481214 0.06199897 
0.07612816 -0.05106677 0.02607262 0.00292378 
-0.03093666 -0.08539097 -0.18190960 0.07841689 
0.03395620 0.00093422 0.10559998 0.07886983 
0.01248631 -0.05442355 0.08326046 -0.01174340 
-0.00538782 0.01340128 0.03773654 0.02623112 
0.01818570 -0.00379359 -0.03049772 0.02401466 
0.02688811 -0.02026828 0.02618982 0.03441036 
0.04854977 -0.07398754 -0.04411526 0.10591145 
0.10060482 -0.00652557 -0.08776200 0.19403330 
-0.00802710 -0.04988853 0.06965951 -0.05321806 
-0.02777932 -0.11135552 0.12637022 0.03546407 
0.01456059 -0.04161918 0.07819544 0.04218884 
0.01054327 -0.06842802 -0.02395728 0.00126345 
0.10984006 -0.02914330 0.03486283 0.08246588 
-0.04803672 -0.05838310 0.10430972 -0.01432375 
-0.03592110 -0.03052743 0.01874173 0.13268166 
0.09884459 0.04101185 0.08753405 0.06271382 
-0.02467416 -0.07273818 -0.01407689 0.02157187 
-0.09963631 -0.02543252 -0.11972506 0.06568531 
0.04885599 -0.00263504 0.13154016 0.05775152 
-0.05380760 -0.03809832 0.02798376 0.04686227 
0.02926662 -0.02384456 -0.12374923 -0.00062023 
-0.03105274 0.06168735 0.07257620 -0.00069644 
-0.07331301 0.00769343 0.07286619 0.08154117 
0.05351092 -0.12505893 0.02200535 -0.00433574 
-0.07347939 -0.01406861 0.03370363 -0.00209008 
-0.00212848 -0.01690241 0.06129141 0.04424475 
0.06883801 -0.02864937 -0.11246962 0.00519927 
-0.01663209 0.02476113 -0.07139025 0.05722889 
0.04585067 -0.03386460 0.04705925 0.04675723 
0.05041523 -0.08869747 0.08239354 0.05859835 
-0.03391647 -0.03428405 0.04953726 -0.02059867 
-0.03227511 -0.06042970 -0.07235789 0.07292699 
0.05667480 -0.09056430 -0.00078490 -0.05175949 
0.10475518 -0.01590641 0.08527514 0.13276013 
0.04448905 -0.10119023 -0.06696505 0.01555938 
-0.04819948 -0.00510477 0.07228127 -0.01470052 
0.01222298 -0.05135003 -0.06586702 0.07669950 
0.00587566 0.01099966 -0.06016634 -0.02586139 
0.05554879 0.02610104 0.02785055 0.10189591 
0.04525139 -0.09357966 -0.03948404 0.00296006 
-0.08736934 0.00489720 -0.05138489 0.05908582 
-0.05576342 -0.06116567 0.08405828 -0.06221238 
0.07504027 -0.18254000 0.03000560 0.03550095 
0.00879639 -0.04237891 0.05224594 0.01418653 
0.01783220 0.05420303 0.06985033 0.06002019 
0.07260442 0.01347404 0.04011194 0.03751015 
-0.04455556 0.04412924 -0.03893540 0.06086662 
-0.05736689 -0.10879691 0.00148494 0.00639285 
0.02677487 -0.05502261 0.00344744 0.01183647 
0.03990004 0.03456875 0.08872480 0.03084815 
0.05510857 -0.07672784 0.04921012 0.01624269 
-0.08130275 -0.04018221 -0.13827635 0.03842618 
-0.02081439 0.05182349 -0.03167618 0.13121711 
0.07101939 -0.01021573 0.04892241 0.00752560 
0.00323685 0.02791770 -0.05035854 0.03244335 
0.00215605 -0.03113918 0.07055613 0.02492152 
0.02792638 -0.05075566 -0.04722090 0.06060215 
-0.05104667 -0.00165163 -0.09277410 0.10995603 
0.09689764 -0.06834993 0.08997511 -0.09140645 
0.00776806 -0.07328674 -0.00873935 0.10045268 
0.05577200 -0.02099192 -0.02343321 0.15777473 
0.00431616 0.00916322 0.04489376 0.05032975 
-0.00834340 -0.03479016 0.01607892 0.09254552 
0.02702457 -0.05601781 0.01751634 0.16030152 
-0.02567869 0.05991047 0.02974183 0.12123563 
0.03289153 0.04501157 0.07085250 -0.01379247 
-0.05178812 -0.03267693 -0.05405117 0.07765333 
-0.03482580 0.00516100 -0.11706375 0.06871126 
0.04193046 0.00826076 0.00700087 0.06139135 
-0.01977509 -0.07191327 0.06628840 0.09953651 
0.04020843 -0.01153516 0.09180826 0.00857616 
-0.04388377 -0.04958811 -0.09937346 0.02912724 
-0.09111173 -0.01681499 0.02256300 0.04103781 
0.06625287 -0.05473748 0.02009439 0.08806430 
-0.03594397 -0.09065435 -0.02644858 0.02503662 
-0.01936915 -0.08412299 -0.01029762 0.04941139 
-0.00682515 -0.12415829 -0.02917270 0.04302261 
-0.02567147 -0.12092437 -0.13073493 0.03608642 
-0.06078516 0.02115756 -0.02147627 0.08121871 
-0.10023703 -0.00669069 -0.03148540 0.03144048 
-0.09153214 -0.02608458 -0.10570719 0.08353126 
-0.05317319 -0.06301144 -0.05465831 -0.07404065 
-0.05864844 -0.06078188 0.05491928 0.03794798 
0.00693417 -0.02914293 0.01827386 0.07409455 
-0.00245755 -0.00776119 0.02302669 0.02209688 
0.00627165 -0.05497696 0.09633564 -0.03070071 
-0.00281491 -0.07276019 0.01950145 0.08330874 
0.03826136 -0.07784944 -0.06675281 -0.06993525 
-0.07088201 -0.06517921 0.06113827 0.12200422 
0.00439421 -0.03062694 -0.02530030 0.01318155 
-0.00361639 0.01258581 0.01661247 0.05071796 
-0.05118592 -0.04399798 -0.10821829 -0.00192139 
0.07517982 0.00015694 -0.01955327 0.10770063 
0.10926513 -0.07317218 0.06622048 -0.01416628 
-0.01446726 0.02964283 -0.05613726 0.11168134 
0.03425459 -0.12103688 0.02036894 0.02993723 
0.04673710 -0.03592468 -0.00105241 0.05342122 
-0.12426080 -0.04757212 -0.04357217 0.10081461 
0.00599271 0.00922248 0.00728546 0.03964928 
0.05662548 -0.08718448 -0.08135452 0.07904435 
0.04405326 -0.00629386 -0.03124195 -0.01285735 
0.00256836 0.02763767 0.00293000 0.07186739 
0.04384841 -0.05468491 -0.01460309 0.02409465 
0.01401678 0.00872302 0.05098199 0.04148032 
-0.00007748 -0.09136184 0.05732436 0.07791395 
0.01943195 -0.01318606 -0.01159834 0.06096564 
0.08779184 0.02358683 -0.04876505 0.07224113 
-0.01394615 -0.01318219 -0.00276433 0.02309317 
0.06379325 -0.02817885 0.03638870 0.02371424 
0.00596455 0.00660065 -0.06503797 0.01758399 
0.04359248 -0.08438290 0.05960467 0.04582125 
-0.00657695 -0.05728188 0.01014664 0.09219637 
-0.00078910 -0.05297175 -0.00658312 -0.01253000 
0.09993332 -0.05467381 -0.04297690 0.10043935 
-0.04617084 -0.00760922 -0.10347501 -0.06351545 
0.01611065 -0.07154226 0.06252790 0.09630867 
-0.07939439 -0.06227463 -0.04177322 -0.04404548 
0.03019830 -0.09006782 -0.14816285 0.06105734 
0.06285453 -0.02263205 -0.04142199 0.06699172 
-0.03807860 -0.04338507 0.02258757 0.04782791 
-0.00203244 -0.01488834 -0.05161567 0.07621056 
-0.05475266 0.02883364 0.03302485 -0.00053364 
0.00454538 -0.06379749 0.01334229 0.12763032 
0.02054708 -0.09655443 -0.00160848 0.03623771 
-0.04693000 0.03025278 0.00014995 0.02013222 
-0.04991609 -0.06050617 0.02878502 0.03525667 
0.06111984 -0.00923745 0.05858190 0.08180394 
b1
0.01375949 -0.07820390 0.02706444 0.14984740 
w2
4.50151360
-4.27050007
8.09986872
4.44578256
b2
3.96754872
errfunc linear