nlayers 2
nin 380
nhidden 4
nout 1
nwts 1529
w1
0.25636912 -0.44726270 -1.37461529 -0.20961912 
0.00856761 -0.20064066 0.22109090 -0.11237948 
-0.03527157 -0.20575291 1.83315865 -0.06446568 
0.06310494 -0.09184897 -1.35280824 -0.12627566 
0.19151017 -0.09903371 0.70763308 -0.01770866 
-0.00023354 -0.20452708 -0.21393640 -0.10311887 
-0.00501571 -0.27324256 -0.00629188 -0.09606342 
0.21353118 -0.48435760 -1.34309774 -0.28636282 
0.22440849 -0.20730969 1.74272608 -0.10209996 
0.34458276 -0.28928637 -1.39882698 -0.12128217 
0.41589934 -0.57229728 -0.99965898 -0.18321383 
-0.03171627 -0.22375783 0.59473231 -0.07465926 
0.36745457 -0.18926563 -1.74952540 -0.07258650 
0.36302582 -0.31659257 -1.11635484 -0.15583377 
0.06496337 -0.24421236 0.40229761 -0.09319720 
0.15625252 -0.29935658 -1.24971499 -0.16582264 
0.07830797 -0.26635905 1.68708092 -0.12124091 
0.22365294 -0.11451852 2.63273358 -0.13441456 
0.27676219 -0.27551640 0.44476746 0.02015615 
0.27636243 -0.43085133 -1.46047085 -0.15548420 
-0.00958939 -0.51675312 -0.84218238 -0.16032708 
-0.26523300 -0.20035687 0.36808336 -0.12284206 
-0.28163453 -0.15999069 1.03319346 -0.04659845 
-0.25774389 -0.14809621 -0.61689259 -0.13379897 
-0.03363767 0.01495696 0.32869347 -0.06161741 
-0.21270677 -0.19827461 -0.63848153 -0.12981964 
-0.20687118 -0.13349444 -0.99422055 -0.10782601 
0.02472053 -0.57171629 -1.89803802 -0.14797533 
-0.07318794 -0.10914400 2.35635378 -0.01751995 
0.16482937 -0.32032092 -1.45162315 -0.13990537 
0.18297987 -0.48529023 -0.26539821 -0.30924147 
-0.24287345 -0.22326413 -0.79800890 -0.23116112 
-0.11436647 -0.20877160 1.41508421 -0.03224642 
0.10697267 -0.37047181 -0.68954508 -0.10423834 
-0.16182326 -0.19688493 -0.52355759 -0.17506557 
-0.09877119 -0.39131009 -0.77827742 -0.11144785 
-0.13142268 -0.31422442 0.81569938 -0.13105393 
0.07746462 -0.10348920 1.52460942 -0.05458234 
0.07557267 -0.12173771 0.27823893 -0.05931735 
0.07059160 -0.49141094 -1.19441809 -0.04351605 
-0.20103651 -0.38785069 0.14230287 -0.18198498 
-0.39347768 -0.32363217 -0.22156883 -0.17205180 
-0.45999809 -0.23137717 -0.19821087 -0.13427256 
-0.42956452 -0.23308938 -1.46628895 -0.02047995 
-0.26099370 -0.02230311 -0.04313567 -0.01686673 
-0.38326828 -0.17795463 -1.13023637 -0.01373798 
-0.42449940 -0.31978781 -1.28249496 -0.06839273 
-0.13351689 -0.42658689 -2.06821090 -0.20103726 
-0.21782606 -0.13216029 0.64490728 -0.11410357 
0.02332455 -0.38193301 -0.72420156 -0.15344152 
0.04244938 -0.60114016 -0.43613562 -0.22234910 
-0.53816315 -0.21000281 0.96299571 0.01991891 
-0.13923183 -0.12491886 0.52945265 -0.05015505 
-0.13347239 -0.22812300 1.95690484 -0.16491334 
-0.37163937 -0.26653211 -0.28861013 -0.14405215 
-0.26300368 -0.25473822 -0.46676869 -0.09326591 
-0.24845728 -0.34377838 0.92527984 -0.09208979 
-0.13023577 -0.10988640 1.92471573 -0.03556611 
-0.07283405 -0.11433619 -0.22946829 -0.12934575 
-0.11754986 -0.36159790 0.02278498 -0.17742619 
0.06459599 -0.53175564 0.25689150 -0.13889006 
-0.08764482 -0.32733066 -0.41560321 -0.11456968 
-0.02545106 -0.15870881 -1.99742823 -0.07949418 
-0.12570550 -0.17181237 -2.15360895 -0.09081343 
0.10329949 -0.04313148 1.04891139 -0.01205620 
-0.18302377 -0.16288787 -0.31237340 -0.04933372 
-0.18979473 -0.22966672 0.06524252 -0.06551045 
0.16386404 -0.47516702 -1.77955610 -0.03644597 
-0.00126666 -0.10620571 2.50109086 -0.06679970 
0.33522874 -0.27043944 -0.23100042 -0.08741634 
0.38489826 -0.49508933 -0.14475371 -0.18376764 
-0.11697726 -0.24069536 -1.91715506 -0.10067176 
0.24755177 -0.22220669 -0.37848033 -0.10886079 
0.23311305 -0.41339523 1.73987406 -0.09625979 
-0.02516288 -0.31654946 -1.64010508 -0.07803574 
0.00807775 -0.24035442 -0.11152317 -0.02893953 
0.12224436 -0.33786317 -0.87174449 -0.03531008 
0.16118538 -0.15214271 3.56064868 -0.06495912 
0.15821447 -0.16080796 0.71447327 -0.08603978 
0.25513335 -0.43833588 -1.45075308 -0.18002794 
0.10681351 -0.51134314 0.53421583 -0.15502383 
-0.11989105 -0.18130259 -0.05510003 -0.00614560 
-0.10213857 -0.20465872 -1.34248210 -0.04067942 
-0.22496728 -0.21619084 -1.51240702 -0.12511070 
0.05100913 -0.06218963 1.16574451 -0.04903092 
-0.20299041 -0.18081005 -0.30041725 -0.04810185 
-0.28054658 -0.26462968 1.73891621 -0.12221093 
0.13156491 -0.42708273 -1.11960016 -0.24353789 
0.09881148 -0.14071270 0.29042765 -0.10915746 
0.38758757 -0.44584431 -0.01987981 -0.15564294 
0.38789317 -0.47768480 0.27640433 -0.12320698 
-0.10437777 -0.14227348 -1.82303402 -0.06830716 
0.28514827 -0.20196613 -0.67536272 -0.05525901 
0.35347560 -0.34196891 0.61672827 -0.18162721 
-0.03642075 -0.36687956 -1.67256566 -0.14460424 
0.12553234 -0.24068967 -2.15705226 -0.20544364 
0.11682850 -0.29437431 -0.73228030 -0.16984720 
0.25698416 -0.13423092 1.45890713 -0.09599798 
0.25851480 -0.14578441 -0.57145548 -0.00022170 
0.21427473 -0.34544781 0.62601433 -0.23035784 
0.03584858 -0.51857082 0.46107429 -0.08021983 
-0.20528730 -0.31227078 -1.53610659 -0.11169171 
-0.35755420 -0.19570046 0.88042562 -0.11880316 
-0.25860666 -0.19979738 -4.11607208 -0.16709500 
-0.00908827 -0.11326826 0.38054733 -0.00460280 
-0.23616248 -0.20137738 -4.02811288 -0.07587131 
-0.41210821 -0.24366220 0.15431539 -0.07851176 
0.06796090 -0.43544312 -1.03283855 -0.10356385 
-0.02999205 -0.13660042 1.30647728 -0.03665020 
0.27166160 -0.25899934 1.26951276 -0.18694157 
0.33686703 -0.59082795 1.16918513 -0.13153794 
-0.35395966 -0.21599117 -0.87148063 -0.07971078 
0.20329606 -0.19523566 0.28915260 -0.03693228 
0.23987968 -0.31291150 1.53905343 -0.15435871 
-0.25148154 -0.32969893 -0.29835931 -0.06473057 
0.01567092 -0.32127605 -2.30217432 -0.03106274 
-0.04065182 -0.34257961 0.50216151 -0.12630516 
0.29537992 -0.15041800 0.76994274 -0.02727526 
0.17022261 -0.27167548 -0.00215223 -0.05323988 
0.19307356 -0.39631499 0.47835714 -0.19290116 
0.21550173 -0.53047743 0.08032804 -0.26572147 
-0.15098009 -0.26077267 0.03026705 -0.15544892 
-0.09934809 -0.29560422 -1.60574123 -0.15307427 
-0.13806306 -0.25599539 -4.74170176 -0.06403473 
0.05412937 0.06493789 0.95527234 -0.08439171 
-0.16626742 -0.11078637 -2.90647903 -0.08124570 
-0.36046711 -0.40807711 -0.06482203 -0.18360128 
0.15495562 -0.48401219 -0.60076166 -0.17375095 
0.14800589 -0.17847119 0.09120246 0.05967768 
0.39923524 -0.26591558 2.39480355 -0.14186840 
0.40148112 -0.58063932 2.21472956 -0.14764343 
-0.33594805 -0.15385348 0.85612565 -0.12135738 
0.26011060 -0.14173743 1.15240948 -0.04360842 
0.37185446 -0.37578376 1.04975473 -0.19665590 
-0.04648731 -0.38894238 -2.78738982 -0.11682509 
0.05330488 -0.29685345 -0.98308889 -0.08576129 
0.09718224 -0.23774642 0.82771240 -0.15269716 
0.50454201 -0.22074302 -1.23684129 -0.11078472 
0.35476655 -0.17838890 -1.24701708 -0.08902161 
0.31542690 -0.41031629 1.60505261 -0.15364504 
0.62004796 -0.54948123 -0.40997228 -0.26955570 
0.11714249 -0.24649427 1.15074952 -0.06016667 
0.39441104 -0.18279356 -4.37694583 -0.08617118 
0.17116451 -0.24790728 -3.70790332 -0.14535833 
0.54389502 -0.00474445 0.10276400 -0.07407525 
0.07773362 -0.19748234 0.22210854 -0.02858054 
0.15521882 -0.28686758 -1.00381749 -0.15807380 
0.51229834 -0.49788879 -0.11213951 -0.10371251 
0.42533200 -0.04874512 0.87659342 -0.01866127 
0.76497500 -0.31320560 2.41847323 -0.07214033 
0.80712596 -0.56348714 1.76750187 -0.26174772 
0.10391901 -0.09988638 0.53890740 -0.03741962 
0.70192628 -0.18034881 -0.54095771 -0.09907916 
0.78705168 -0.27655084 0.72451391 -0.08171738 
0.38846816 -0.38766099 -4.12122113 -0.13655871 
0.42315504 -0.30105489 -0.15433566 -0.12730524 
0.51506364 -0.24115706 0.90631192 -0.16785583 
0.77086886 -0.08139993 0.26411329 0.06202021 
0.75665355 -0.13320647 -0.53154738 -0.04605037 
0.75389518 -0.38108327 0.30896327 -0.21600241 
0.28973052 -0.50814190 -1.18071136 -0.15827086 
-0.08421553 -0.22994919 -2.84341783 -0.07943904 
-0.05297995 -0.20238103 -3.27797928 -0.12437222 
-0.28765305 -0.27124340 -3.13455529 -0.09539595 
0.15894727 -0.07095119 0.36304574 0.05356111 
-0.25884444 -0.18445336 -1.09361248 -0.07962818 
-0.33892644 -0.22192862 -0.68085437 -0.09737517 
0.11440476 -0.40414617 -0.22045704 -0.20792153 
0.14840057 -0.16314426 -0.38515803 0.01171836 
0.40995861 -0.26583943 2.40565810 -0.14169623 
0.49615861 -0.49760100 1.88276696 -0.20304396 
-0.19616493 -0.23128595 -0.90363457 -0.12556678 
0.41230958 -0.20242323 -0.65486716 -0.15372509 
0.53126300 -0.31996709 0.12317136 -0.00874274 
-0.23004603 -0.33722988 0.08930653 -0.11623332 
-0.00072916 -0.28020324 -0.61834342 -0.06301763 
0.18143895 -0.31832376 -0.36801041 -0.17662054 
0.53146218 -0.09519061 0.20350838 -0.03759916 
0.36902432 -0.25813290 -0.70491861 -0.11471381 
0.29695400 -0.40017236 2.74287529 -0.18014495 
0.07507207 -0.49737404 0.24023349 -0.14470738 
-0.22867479 -0.39228297 -7.37352347 -0.06482612 
-0.31759546 -0.24432506 -4.93514711 -0.04319632 
-0.61051986 -0.25502828 -3.04469127 -0.02544385 
-0.06750761 -0.05898036 1.05999461 -0.07121231 
-0.53205969 -0.13940219 -0.31820911 -0.01900261 
-0.60718357 -0.30036821 -0.40559901 -0.15298401 
-0.15081932 -0.46702215 0.63701396 -0.17674748 
-0.06558470 -0.03309327 -0.93237991 -0.06961245 
0.25102707 -0.43093601 2.85833516 -0.10976447 
0.34589587 -0.57652588 2.28721259 -0.08908264 
-0.55540564 -0.31482056 -0.32425756 0.00821161 
0.19544849 -0.14375765 0.66410016 -0.03304231 
0.36620340 -0.21648708 1.15499035 -0.10265673 
-0.43494970 -0.31549405 0.18128840 0.01368870 
-0.30451927 -0.27418600 1.08251931 -0.13968870 
-0.10197161 -0.33868524 1.23035665 -0.12448863 
0.50183240 -0.15804661 -2.15673691 -0.08546364 
0.30860027 -0.22809544 -2.91025103 -0.07418231 
0.12025297 -0.42489174 3.01660425 -0.19987727 
0.13604960 -0.52174436 1.30766081 -0.26082128 
-0.30005994 -0.29092914 -0.10598927 -0.18325803 
-0.11475329 -0.15585203 -5.67809927 -0.02781781 
-0.35118093 -0.23428563 -2.36007116 -0.04485718 
0.08388717 -0.05456802 1.00466899 0.07416391 
-0.26200332 -0.14064393 -1.92506861 -0.00373095 
-0.30673790 -0.33087595 -1.52142906 -0.13750566 
0.00040053 -0.43920424 0.49369327 -0.23437435 
0.01950930 -0.18769384 0.01746166 -0.13915991 
0.31166550 -0.28499411 2.59857042 -0.16734702 
0.45856568 -0.50296769 1.04076559 -0.06562495 
-0.24724402 -0.16518249 -1.91725978 -0.03794240 
0.26495811 -0.14223600 0.36398647 -0.03422274 
0.39326562 -0.19955543 1.39175177 -0.00126868 
-0.17907893 -0.22788011 -0.80796736 -0.09016229 
-0.11574528 -0.37707887 0.56781773 -0.08597328 
0.09742678 -0.31988977 0.01086661 -0.22414953 
0.47572266 -0.16534745 -1.32293519 0.05029646 
0.41657642 -0.17860676 -1.95003615 0.03367047 
0.26255859 -0.39919554 2.41230949 -0.10896851 
0.08660493 -0.55117368 0.58871955 -0.04652286 
-0.18214504 -0.24811292 -4.91747058 -0.14644218 
-0.19268094 -0.25102988 -5.69408892 -0.10745224 
-0.44031455 -0.17975269 -1.84636860 -0.14043467 
-0.07925493 0.01687975 2.21190216 0.01706853 
-0.28710986 -0.01100698 -2.56657442 -0.13539231 
-0.37039383 -0.23091698 -0.93828816 -0.11495238 
-0.10185693 -0.43561250 1.15578504 -0.37379800 
-0.18470239 -0.07814339 0.68790779 -0.12380772 
0.17974692 -0.36146309 3.03559912 -0.07199483 
0.29376979 -0.49221088 2.33435909 -0.20549234 
-0.23539981 -0.23976531 -3.31655706 -0.09321484 
0.12758899 -0.17058233 1.98726650 -0.10079258 
0.27372887 -0.33650735 1.71635103 -0.11965326 
-0.23158394 -0.32316452 -0.71237234 -0.04301006 
-0.19610710 -0.31188261 0.27907455 -0.15208595 
0.03307564 -0.32105626 0.08012331 -0.14461702 
0.41046711 -0.00657259 -1.65675940 -0.05113406 
0.21066457 -0.27132790 -0.79903472 -0.11170323 
0.15439223 -0.40762993 2.99503640 -0.28545465 
0.08745066 -0.53497099 1.37150950 -0.04959700 
-0.17645764 -0.33339077 -4.96629500 -0.15077076 
-0.17558651 -0.07831049 -5.70345564 -0.08108168 
-0.41780725 -0.27354560 -2.14689809 -0.06313161 
0.06614688 -0.08877282 2.54606048 -0.01297456 
-0.28344778 -0.20460532 -2.49756754 -0.08341966 
-0.35550532 -0.19073192 -2.04771268 -0.10137332 
-0.02440353 -0.49422029 0.91506646 -0.15825373 
-0.05534611 -0.08297675 0.30224542 -0.13631968 
0.22037176 -0.38473267 3.65269515 -0.11400017 
0.28502639 -0.55129151 3.22425556 -0.20495659 
-0.23331041 -0.18568298 -5.63609857 0.02182593 
0.08614960 -0.10524887 3.99963001 -0.01862612 
0.22480307 -0.30140502 2.71204678 -0.04215717 
-0.09414197 -0.32733471 -2.62069419 -0.07945386 
-0.08611998 -0.31669445 -0.67252197 -0.21060192 
-0.01414285 -0.45569431 0.36808842 -0.13909911 
0.23991153 -0.11905956 1.15295613 -0.01622648 
0.19449154 -0.26541807 0.47409026 -0.11550162 
0.21480749 -0.41865291 2.53061100 -0.19909138 
0.30111584 -0.53390839 1.84352146 -0.13146111 
0.05744063 -0.21560995 -4.37679313 -0.07798861 
0.10928533 -0.34921401 -6.20483330 -0.18625377 
-0.10515305 -0.25056402 -1.40507168 -0.00973781 
0.35821989 -0.04846757 1.13635009 -0.18531179 
-0.07719432 -0.18824133 -1.34933465 -0.06072274 
-0.03261649 -0.14478408 -1.42124871 -0.11954664 
0.20753486 -0.56567763 1.22404663 -0.31117997 
0.26666957 -0.15087187 -0.19966169 -0.01311487 
0.51273218 -0.42363561 2.73658528 -0.04810077 
0.58727987 -0.45479137 2.83321340 -0.23744388 
0.00736336 -0.24382266 -2.21654478 -0.02522353 
0.38377020 -0.11580646 3.03215554 -0.05883694 
0.53218129 -0.37332130 1.85607613 -0.09328818 
0.17810394 -0.23989385 -3.40130078 0.01051732 
0.22393629 -0.28227712 -0.48461128 -0.06665997 
0.20247974 -0.18931727 1.32248870 -0.15078215 
0.39723657 -0.06749314 1.86002888 -0.04648000 
0.33010326 -0.23492873 1.55179819 -0.08357444 
0.52594458 -0.35900509 1.05381546 -0.26574134 
0.20729980 -0.50074811 0.23101416 -0.08334428 
-0.05238990 -0.17185570 -4.09824248 -0.17102501 
-0.05657101 -0.17907552 -2.99801511 -0.08078560 
-0.17170721 -0.22575623 -2.37908398 -0.05818062 
0.08911873 -0.01427612 0.51375326 -0.06721515 
-0.11477080 -0.12556450 -0.82753406 -0.08047787 
-0.09822106 -0.29274032 -2.57379762 -0.17425553 
0.11840808 -0.48971922 0.42205264 -0.18997314 
0.15533259 -0.08752054 -2.43897137 0.01510962 
0.26056858 -0.38772203 2.58839235 -0.15200968 
0.38997608 -0.50794082 2.09815556 -0.21248690 
-0.14046265 -0.22459606 -1.87953924 -0.07213653 
0.16908890 -0.13467035 2.46213648 -0.07396736 
0.38194293 -0.37005311 0.83714835 -0.09621846 
-0.07676505 -0.31556959 -0.82631717 -0.23670087 
0.12997387 -0.32005148 -1.26210159 -0.10019192 
0.09477018 -0.36356186 -0.18530770 -0.13925506 
0.14344536 -0.11903231 3.39501137 0.00841508 
0.06416149 -0.08690795 2.11718198 -0.07826023 
0.27787430 -0.42164130 1.96857099 -0.01596098 
-0.09411705 -0.51838126 1.20808105 -0.12445616 
-0.25682564 -0.28976375 -3.02181171 -0.17308435 
-0.28120754 -0.21263918 -5.15666936 -0.09385237 
-0.33226448 -0.21312217 -3.56702164 -0.01067984 
-0.08176949 0.00631601 -0.08283421 0.02188218 
-0.31392435 -0.18929480 -0.83872945 -0.09323807 
-0.36377723 -0.19907423 -1.59020099 -0.09556911 
-0.16602237 -0.42706225 1.02659546 -0.20907079 
-0.32766144 -0.07247635 -0.25298247 -0.08767633 
-0.02278460 -0.38802838 2.76888001 -0.13482521 
0.10941531 -0.58672113 2.69838143 -0.25754207 
-0.30550530 -0.17083424 -1.08738008 -0.14169636 
-0.07725613 -0.15315802 1.82120836 -0.00711994 
0.08039378 -0.28887848 0.95497017 -0.03731933 
-0.19615635 -0.27868376 -2.27917727 -0.17686623 
-0.08882433 -0.33446119 -0.61490315 -0.17246112 
-0.20486962 -0.36276046 1.58310298 -0.09091177 
-0.04652482 -0.14888897 1.69481845 0.01490275 
-0.23059753 -0.26569517 2.63823319 0.00242082 
-0.00727339 -0.27396602 2.54973074 -0.10760878 
0.01734915 -0.53971144 1.56355899 -0.14659698 
-0.16436152 -0.17989639 -2.07480211 0.11954495 
-0.22868081 -0.19523785 -1.29440947 0.04977644 
-0.21454133 -0.18511872 -3.36448326 -0.09626457 
0.11789444 -0.07680798 -1.00502597 0.01384676 
-0.23524116 -0.24854950 -0.71425871 -0.02159894 
-0.25205287 -0.29025093 -0.46700608 -0.22441390 
0.03783867 -0.36744120 -0.27900234 -0.21980140 
-0.20524821 -0.16941453 1.06794141 -0.01610868 
0.10998582 -0.36484382 2.16491111 -0.09662982 
0.19812350 -0.49591747 2.74127714 -0.16426029 
-0.10100210 -0.17874145 -2.61082468 -0.07791937 
0.09496850 -0.07192661 1.75625967 0.03984154 
0.15557908 -0.37167073 1.44505492 -0.04482176 
-0.10869471 -0.26492668 -1.99904318 -0.05647198 
-0.00385131 -0.27076045 0.12814465 -0.15125302 
0.05522733 -0.27823394 -0.86034817 -0.03123974 
-0.06962824 -0.12550259 2.95294429 -0.05715986 
-0.05532122 -0.18398533 1.87685411 -0.13212613 
0.14716417 -0.36957672 1.63525273 -0.18503815 
0.18289835 -0.48848963 0.79382604 -0.29520757 
-0.06934592 -0.22133462 -1.79283086 -0.11824934 
-0.12978721 -0.17281509 0.72059971 0.00280684 
-0.12007931 -0.21437972 -2.87322257 -0.03417528 
0.04150966 -0.15733269 1.48418245 -0.04655899 
-0.06725698 -0.07286100 -0.82119613 -0.17601497 
-0.06284169 -0.25696401 -1.21335026 -0.03141274 
0.12831200 -0.49188078 0.60452177 -0.16210534 
0.05174452 -0.09792354 0.27021913 -0.01905404 
0.14388215 -0.39543577 2.38193019 -0.06549092 
0.26576135 -0.43510565 2.99228034 -0.12362620 
-0.00894714 -0.13478195 -0.41870268 -0.07912445 
0.11585161 -0.24071809 1.97541001 -0.02731061 
0.20304748 -0.24941488 1.92871900 -0.08402881 
0.02914594 -0.36178978 -1.14399559 -0.15783076 
0.14601276 -0.30634642 0.03495183 -0.12153730 
0.12071654 -0.29913555 -0.58256183 -0.08563499 
0.07949992 -0.15611708 1.96864856 -0.04577689 
0.19256388 -0.20667348 0.41986236 -0.12923206 
0.22571355 -0.39650756 1.22206047 -0.03261483 
0.29648662 -0.49522739 1.01290703 -0.23655442 
0.09367565 -0.15447790 -0.13034134 -0.07811939 
0.12704810 -0.17133979 -1.20750588 -0.10090262 
-0.00100698 -0.07692654 -1.70662151 -0.10165263 
0.12666449 -0.09679146 1.82166224 -0.04265192 
0.03810166 -0.07978354 1.42956439 -0.11553169 
0.02891717 -0.15749552 0.34508530 -0.13985784 
0.26389141 -0.41518259 0.53435129 -0.19970201 
0.13276480 -0.07924192 -0.30174959 -0.01034572 
0.22002175 -0.36993090 3.05168236 -0.15480482 
0.40936173 -0.48019262 2.45453365 -0.20807342 
0.11814483 -0.21739978 0.52548566 -0.08846315 
0.25473342 -0.17017605 1.41414542 -0.10482427 
0.41478669 -0.34057511 0.42692115 -0.10434411 
0.18411514 -0.32914215 -0.14461427 -0.01779608 
0.30662762 -0.31997804 -0.39942336 -0.08826034 
0.20569021 -0.27923227 0.36453508 -0.03064319 
0.26425902 -0.23819191 2.62102445 -0.00114410 
0.20464110 -0.17474990 2.40452540 -0.10802324 
0.30804264 -0.41268686 2.03391607 -0.05991989 
b1
-2.11493574 -5.55837830 -8.10392973 -1.94087022 
w2
-6.60531773
-2.20759487
-2.66599369
-1.79545337
b2
11.10895851
errfunc linear