nlayers 2
nin 380
nhidden 4
nout 1
nwts 1529
w1
-0.02193646 -0.03892148 -0.10577483 0.10822988 
-0.00569788 -0.05139874 -0.08008422 0.13922814 
0.02993019 -0.03315467 -0.03758768 0.09893346 
-0.01504622 -0.01944070 -0.00812598 0.10023281 
0.02171639 0.04008174 -0.17434928 0.00094394 
-0.00899050 -0.00195741 -0.02241005 0.19788360 
0.06318152 -0.04212834 -0.13602855 0.04604306 
-0.00516324 -0.03686947 -0.08622773 0.08637165 
0.00209101 -0.06907960 -0.05358311 0.00942554 
0.09009066 -0.09924819 -0.11073886 0.21465501 
-0.05855149 -0.08755811 -0.11580919 0.06233776 
0.01385333 -0.07331808 -0.01998991 0.13780173 
-0.04311586 0.01229567 -0.15150856 0.12110684 
-0.00426589 -0.00875753 -0.06040006 0.02173931 
-0.05199213 -0.12926353 -0.04166733 0.06233534 
-0.03965948 -0.08546809 -0.12330682 0.11399823 
-0.01947618 -0.02243354 -0.08066868 0.10021799 
-0.01324306 -0.05799542 -0.09180182 0.06244340 
-0.09864714 -0.06756561 -0.13714037 0.07425911 
-0.08756543 -0.11493651 -0.14260500 0.05776638 
-0.01336725 -0.10507644 -0.08957055 0.11756971 
0.02521858 -0.07247635 -0.05286439 0.04540287 
0.02295611 -0.03466867 -0.08360077 0.13527431 
0.01918162 -0.07402253 -0.10155172 0.10369151 
0.01346776 -0.03622419 -0.07053681 0.04820714 
-0.01358405 -0.05781054 -0.13617845 0.12834584 
0.05808192 0.11672825 -0.11952395 0.19234138 
-0.01689765 -0.08003527 -0.11036777 0.00413829 
0.01594587 -0.05024394 -0.05134448 0.04380557 
0.08140067 -0.03235174 -0.15523235 0.08870230 
-0.04400885 0.04391414 -0.06495692 0.13644487 
0.01127959 -0.08138343 0.00058902 0.11877516 
-0.03304036 -0.06309619 -0.14816176 0.10153908 
-0.00785486 -0.07449746 -0.10698792 0.11153928 
-0.03997811 0.04893937 -0.04691137 0.09794182 
-0.01650674 -0.08194175 -0.06039487 0.05287689 
-0.01646367 -0.00904493 -0.13009429 0.05001917 
-0.00834143 -0.01252466 -0.08790677 0.09967960 
-0.09289669 -0.03040258 -0.10298223 0.14838488 
-0.08897069 -0.08937826 -0.18102395 0.01229650 
-0.00660635 -0.05499655 -0.11983656 0.18529042 
0.03524834 -0.06630002 -0.09734092 0.06804830 
0.03515149 -0.07393875 -0.06804926 0.08750224 
0.06337134 -0.09384573 -0.10984178 0.14125986 
0.01055481 -0.04762370 -0.03066919 0.06416668 
0.00503375 -0.09361454 -0.02904024 0.12462166 
0.04149659 -0.10795432 -0.04225363 0.19915862 
-0.03355470 0.04671565 -0.09367496 0.02779994 
0.03620707 -0.00391458 -0.06960308 0.11501547 
0.07316961 0.09179822 -0.12075311 0.08000798 
-0.03797597 0.00966128 -0.07296106 0.09548948 
0.00209811 -0.03967213 -0.14238925 0.13580722 
-0.03336026 -0.01991775 -0.20832685 0.03354011 
-0.02132761 -0.00372287 -0.10254950 0.16969657 
-0.01688016 -0.14621852 -0.02322561 0.20257183 
-0.01190685 -0.14575973 -0.14316503 0.13664705 
-0.02037151 -0.11523492 -0.15392013 0.03267816 
-0.01461149 0.06198570 -0.04104465 0.00636762 
-0.08373056 -0.06422920 0.00947052 0.12352710 
-0.08776900 -0.06666746 -0.06758231 0.00665035 
-0.01928162 -0.11439861 -0.20329654 0.09711641 
0.04025253 -0.06070947 -0.08512306 0.13238034 
0.03060527 0.01348936 -0.12378865 0.12640489 
0.08667821 0.01679417 -0.16808673 0.13877887 
0.00601083 -0.07247079 0.00070871 -0.00367661 
0.01523360 -0.05809406 -0.03797330 0.11707901 
0.01984140 -0.08291919 -0.15203540 0.10437502 
-0.03081738 -0.00608125 -0.07682164 0.18383109 
0.02927584 -0.03660956 -0.05861351 0.09049009 
0.05867826 -0.01395175 -0.13758838 0.06807450 
-0.04540753 0.00081056 -0.11901109 0.06795486 
-0.00610980 -0.16449148 -0.07350436 0.12226105 
-0.01570910 -0.10511368 -0.11562362 0.15898484 
-0.04133325 -0.09272203 -0.14552953 0.10530639 
-0.01545378 -0.00889385 -0.03879462 0.10986051 
0.00429792 -0.01514400 -0.10344716 0.22463289 
-0.01623209 -0.13955055 -0.13335032 0.16179299 
-0.02184570 0.03559916 -0.07388013 0.07460371 
-0.05872803 -0.03188921 -0.16879188 0.13285207 
-0.08028263 -0.08878622 -0.10516799 0.11434509 
-0.02238964 -0.01085599 -0.15608176 0.06468882 
0.05832158 -0.06505320 -0.02335022 0.07000025 
0.02824319 -0.03539250 -0.02926450 0.14111907 
0.10523913 -0.07744652 -0.14861001 0.08371571 
-0.00496307 0.05964318 -0.04000405 0.08661073 
0.01956108 -0.15614103 -0.16103475 0.06759067 
0.01245837 -0.18554093 -0.10835067 0.16789482 
-0.02752445 -0.04826849 -0.10034747 0.12608024 
0.04235731 -0.05837199 -0.03015980 0.05878443 
0.02817478 -0.00004436 -0.06468543 -0.01328078 
-0.05665864 -0.13060555 -0.15921108 0.10818863 
0.00321341 0.00236434 -0.06200170 0.14655869 
0.02393229 0.02188074 -0.18814261 0.03362299 
-0.06489670 -0.13202182 0.00947638 -0.02641194 
-0.00067478 -0.04033869 -0.10535918 0.05191314 
-0.00299353 -0.09986015 -0.14364804 0.15536057 
0.00023715 -0.10584876 -0.07513115 0.13096264 
-0.01548413 -0.00139373 -0.08344752 0.03108173 
-0.05127096 -0.02560885 -0.16760917 0.09852153 
-0.07316955 -0.00045220 -0.20413944 0.07370427 
-0.03102882 -0.06384360 -0.16992926 0.08664515 
0.07736586 -0.07966002 -0.05113122 0.18216030 
0.03226518 -0.08642431 -0.02309822 0.12828439 
0.13580145 -0.07931573 -0.13333504 0.13615171 
-0.01487835 0.05585025 -0.08568814 0.07738153 
0.04586570 -0.06636205 -0.11421205 0.14173635 
0.03787791 -0.12472104 -0.09847226 0.08560663 
-0.03809002 -0.02381663 -0.02830813 0.02930892 
0.05334033 -0.14861332 -0.02466862 0.15836826 
0.00227122 0.08281939 -0.21409449 0.03701770 
-0.03126941 -0.03237622 -0.17669490 0.15592148 
0.01029362 -0.13860333 -0.14638390 0.11807733 
0.02687564 0.01514980 -0.10559450 0.20254028 
-0.08248381 -0.02132437 -0.03227938 0.03691892 
0.02197943 -0.05580835 -0.08243722 0.08054342 
0.02633564 -0.22807496 -0.07820674 0.12890422 
0.00998489 0.02700980 -0.05287525 0.11991920 
-0.00461305 -0.03010153 -0.06761927 0.05586515 
-0.03903425 -0.15358082 -0.08324765 0.07730180 
-0.08098980 0.09509425 -0.08376982 0.03207340 
-0.03339416 -0.08078152 -0.19875728 0.12687602 
0.07953776 0.00284765 -0.09331229 0.05728599 
0.03257973 -0.09231486 -0.12630938 0.12665568 
0.13284976 -0.18429755 -0.12951357 0.15890297 
-0.04018454 0.07571790 -0.07956898 0.02075639 
0.04875192 -0.04803928 -0.09543624 0.11017712 
0.05423090 -0.15788477 -0.12461810 0.17398748 
-0.05019449 -0.15684871 -0.07269990 0.09458442 
0.05311055 -0.04280882 -0.02470618 0.08936438 
-0.01041174 0.03919775 -0.19228759 0.11494148 
-0.05778060 -0.01780548 0.00547964 0.14180212 
-0.00972311 -0.11553196 -0.11236163 0.06634405 
0.05232711 -0.05637577 -0.13495612 -0.06583853 
-0.08687794 0.09800215 -0.14476385 0.07337113 
0.02098871 -0.02613962 -0.09554360 0.17126054 
0.02984770 -0.01288315 -0.14029386 0.13534201 
0.00510262 0.02945832 -0.13426248 0.11784034 
-0.00553736 0.04444568 -0.08066276 0.02706587 
-0.03536540 0.05733058 -0.11511043 0.04250737 
-0.06874061 -0.05753782 -0.20222413 0.03254915 
-0.05421861 -0.05192843 -0.24049230 0.02865631 
0.07516856 -0.12323107 -0.14223520 0.19767023 
0.03781107 -0.14109024 -0.07622032 0.16522737 
0.13605638 -0.10300315 -0.09340443 0.06628283 
-0.05277314 -0.07404414 -0.01679986 0.16814890 
0.04420648 -0.17116269 -0.01951103 0.11659989 
0.05077587 -0.04675926 -0.05725282 0.11258779 
-0.01118519 -0.09745709 -0.02744326 0.04784096 
0.05327045 -0.03701978 -0.01081789 0.08112283 
-0.00284699 -0.03840464 -0.05859446 0.02064867 
-0.03947895 -0.04263642 -0.12658331 -0.01525189 
0.00562325 -0.10962302 -0.07061430 0.12390969 
0.04899073 -0.00926569 -0.11587147 0.11499247 
-0.10726868 0.00640595 -0.15126075 0.07625615 
0.03788975 -0.05386349 -0.10610219 0.09532028 
0.04310100 -0.17612049 -0.14957402 0.16361794 
-0.00528149 0.04895049 -0.12413816 0.13255106 
-0.00129116 -0.15439526 -0.02655330 0.18980773 
-0.00935919 -0.05357640 -0.15664947 0.09922697 
-0.04066058 0.01106328 -0.10013426 0.09718355 
-0.07985407 -0.11101988 -0.15274473 0.15211816 
0.07041049 -0.12657616 -0.07691625 0.16153105 
0.04540644 -0.12198965 -0.14043426 0.20986604 
0.14890055 -0.04496138 -0.15861494 0.08321504 
-0.06540809 0.07380301 -0.10794194 0.02327671 
0.04640522 -0.00220275 -0.06213060 0.19344265 
0.08194162 -0.05288039 -0.05648280 0.08824815 
-0.00128904 -0.03521815 -0.14287986 0.16641182 
0.06230616 -0.10576915 -0.06121054 0.10968971 
-0.02599383 0.06638924 -0.06314044 0.00347284 
-0.06169326 0.06419151 -0.14739364 0.01159589 
0.03983542 -0.04722260 -0.08698053 0.13785519 
0.05277930 0.00514486 -0.12103399 0.02707550 
-0.13523219 -0.02301375 -0.10419321 0.05959848 
0.06036457 0.02882691 -0.07770326 0.01711675 
0.04999249 -0.09603163 -0.19008377 0.16593676 
-0.00591643 0.02625470 -0.12797553 0.15298583 
-0.01626288 0.02075603 -0.02958346 0.00827887 
0.01028458 -0.00483259 -0.13332335 0.03581783 
-0.02138138 0.15515856 -0.08269127 0.07660521 
-0.10091823 -0.05620355 -0.00589632 0.08952042 
0.08482168 -0.11968078 -0.20708435 0.10630859 
0.08286691 -0.10115689 -0.12472005 0.13595575 
0.16841608 -0.04410774 -0.14646857 0.03503140 
-0.09008644 0.01174110 -0.06728641 -0.06176341 
0.07719006 -0.18458059 -0.10738635 0.15387249 
0.10083925 -0.08490577 -0.18721818 0.18261342 
0.02138702 -0.01828200 -0.11934529 0.10388268 
0.06376600 0.02763161 -0.05658899 0.07924991 
-0.03947829 0.04779774 -0.07543665 0.10036713 
-0.08008855 -0.11055902 -0.16023084 0.00651974 
0.06964821 -0.09772058 -0.10554027 0.15635434 
0.04939888 0.00025611 -0.01619768 0.15215015 
-0.16328326 -0.01918728 -0.10776092 0.12938903 
0.07282520 -0.02654641 -0.07541791 0.18533317 
0.04338483 -0.10310460 -0.17794745 0.15241088 
-0.00291136 -0.06899468 -0.12073560 0.12556857 
-0.01858041 0.00655739 -0.09732467 0.02589905 
0.01942254 -0.08791132 -0.15835646 0.05754701 
-0.00676168 0.07160057 -0.08097180 0.09599707 
-0.09149576 0.02658221 -0.13215451 0.12332655 
0.08028674 -0.01228496 -0.07990811 0.08431889 
0.06450219 0.02899466 -0.04320390 0.20203285 
0.11842465 -0.06286391 -0.12712683 0.09661129 
-0.08140406 -0.01554622 -0.06570653 0.02917612 
0.06496321 -0.12744909 -0.07337681 0.13104494 
0.08694202 -0.07202197 -0.16841295 0.14567371 
0.00407302 -0.04683031 -0.09532760 0.09420940 
0.03690531 -0.00539003 -0.17330863 0.05274663 
-0.03147803 0.09026046 -0.21920284 0.10015478 
-0.05403521 0.02452918 -0.17974956 0.08280503 
0.02711253 -0.07105300 -0.08294960 0.10541440 
0.04095699 -0.02421025 -0.08751819 0.05429217 
-0.14719696 -0.02546684 -0.07110643 -0.05871937 
0.04804979 -0.10744359 -0.14929980 0.14701471 
0.03753703 -0.09540612 -0.10784707 0.22655449 
-0.00779853 -0.06515191 -0.09463323 0.20633810 
0.01793105 -0.02998653 -0.07497542 0.11441032 
0.01240269 -0.09910572 -0.13284425 0.04640863 
-0.01676862 0.07692294 -0.15199529 0.04430187 
-0.11135635 -0.02873739 -0.11777599 0.08729685 
0.06344629 -0.09586604 -0.03908049 0.20094949 
0.05851891 -0.07452159 -0.15374284 0.12313353 
0.10774361 -0.04641524 -0.08482736 0.12864102 
-0.06560629 -0.00903353 -0.09125018 -0.04185106 
0.05664702 -0.11398603 -0.05338690 0.09699887 
0.05738776 -0.05102004 -0.16384965 0.12565597 
0.01234185 -0.04203820 -0.07618956 0.10547525 
0.03037582 -0.06607319 -0.08571537 0.04112028 
-0.05297171 0.03244834 -0.03062581 0.00394659 
-0.03977836 -0.04504195 -0.15816885 0.08548736 
0.03672230 -0.13014749 0.01457945 0.25373603 
0.04890416 0.01760334 -0.06262951 0.11827713 
-0.14142068 0.03612705 -0.03362484 0.04284293 
0.05473143 -0.08314024 -0.11430037 0.09714647 
0.05284222 -0.03719122 -0.06622672 0.09020294 
0.01786927 -0.00948691 -0.11740579 0.14830392 
0.02463287 -0.05405330 -0.05082420 0.02412621 
0.01823502 0.02169857 -0.09022453 0.05103834 
-0.00278583 -0.01851545 -0.13594816 0.00173565 
-0.09951793 -0.11368769 -0.05129443 0.04210083 
0.07355471 -0.07055976 -0.12433374 0.11706925 
0.06172216 -0.08375506 -0.20296859 0.10853375 
0.13517345 -0.07503445 -0.15355119 0.11423242 
-0.08841250 0.04651682 -0.04599950 0.11591759 
0.06915862 -0.04066800 -0.04902068 0.19297696 
0.03258061 -0.13745523 -0.11150513 0.12054778 
0.01587156 -0.06015673 -0.14546634 -0.01802795 
0.03526170 -0.06120319 -0.07729364 0.17114183 
-0.07390783 0.09513611 -0.13854547 0.04134282 
-0.05399870 0.00610486 -0.12361148 0.16893558 
0.05851380 -0.14335926 -0.09072011 0.06143175 
0.05432157 0.08249611 -0.16390896 -0.04145327 
-0.12380682 0.03496515 -0.14413694 0.06799266 
0.03817433 -0.04215290 -0.13686319 0.10751608 
0.02292018 -0.08097943 -0.06717140 0.21326541 
0.04662196 -0.00846407 -0.10989072 0.10230688 
0.02894364 0.01577346 -0.06054947 0.05245774 
0.01395442 -0.07215381 -0.13567897 0.12968899 
-0.00123704 0.02960754 -0.21670329 0.12873677 
-0.07616031 -0.02999972 -0.10751250 0.11881929 
0.07829097 -0.20728820 -0.18474530 0.13881047 
0.05370935 -0.11360183 -0.08751668 0.14627682 
0.12046363 -0.04321408 -0.01274369 0.16187105 
-0.08932402 -0.03358756 -0.04006640 0.07155365 
0.03256643 -0.10169568 -0.04962172 0.08660313 
0.04769141 -0.03834201 -0.14918501 0.16374083 
0.00769906 0.00655294 -0.09691909 0.03569841 
0.02152483 -0.02292606 -0.10980939 0.11161541 
-0.06769512 0.12395590 -0.13497855 0.06970085 
-0.07883094 0.06226030 -0.14387267 0.08177157 
0.06101421 0.02886580 -0.03781705 0.17409961 
0.03626495 -0.00959316 -0.04959495 0.03281460 
-0.08910562 0.03654945 -0.15560954 0.06061620 
0.02998089 -0.03457574 -0.10798368 0.03399855 
0.00484479 -0.02492149 -0.18544272 0.16001145 
0.05545525 -0.06362869 -0.12772005 0.13367698 
0.03579232 -0.09762169 -0.14690794 -0.01789394 
0.00759549 0.02352787 -0.14964492 0.07481198 
0.00582278 0.00686692 -0.10102732 0.11058828 
-0.06805394 -0.00176974 -0.26393921 0.04421873 
0.06249656 0.00274975 -0.16883555 0.14978940 
0.03085353 -0.13642945 -0.15032085 0.09603310 
0.10430666 -0.05735303 -0.08687208 0.11841542 
-0.07902300 -0.03341177 -0.10793962 -0.03071879 
0.00172914 -0.03350011 -0.16600752 0.16795844 
0.03277946 -0.05635795 -0.04606363 0.14377063 
-0.00569463 -0.01115997 -0.08978226 0.10254381 
0.01885345 -0.11001152 -0.06718421 0.02936095 
-0.06148090 0.01771329 -0.12035424 0.09149665 
-0.05868711 0.09485638 -0.16979709 0.10164180 
0.05667250 -0.02051741 -0.11753414 0.12913092 
0.03329967 0.08442030 -0.09382614 0.03756872 
-0.07867874 0.03554547 -0.08111787 -0.00209142 
0.02520245 -0.09487309 -0.10505714 -0.01540248 
0.00242664 -0.04670463 -0.08484626 0.15545788 
0.04905309 -0.08035887 -0.11513192 0.12482615 
0.03846856 -0.04400622 -0.08884112 0.09152917 
-0.00788098 -0.05544902 -0.13071455 0.07317286 
-0.00539818 0.04077520 -0.15230906 0.04241955 
-0.04582838 0.00131385 -0.07831572 0.07635398 
0.05088455 0.03946551 -0.05149926 0.09537068 
0.03265220 -0.09531172 -0.14454905 0.12798057 
0.09971226 -0.05942714 -0.13753071 0.11697408 
-0.07974287 0.06781770 -0.08040338 -0.04845639 
-0.02113277 -0.10666601 -0.10425243 0.13986220 
0.03016240 -0.14617616 -0.08777842 0.02406299 
-0.01950596 -0.06579227 -0.06576284 0.02208360 
0.00773144 -0.00776393 -0.09326382 0.07675717 
-0.06055444 0.05522790 -0.13420594 0.09911122 
-0.07678231 0.04262881 -0.15944206 0.04379966 
0.05117891 -0.13015530 -0.09566114 0.17610588 
0.03248777 -0.05437956 -0.02685720 0.07785130 
-0.06926560 0.08265193 -0.13194275 0.06700454 
0.01114492 -0.06554504 -0.08511534 0.15807178 
-0.00524426 -0.02295157 0.02531249 0.06698293 
0.03230340 -0.00366708 -0.04089976 0.12774385 
0.02866959 -0.00105487 -0.13708454 0.00213850 
-0.01886615 -0.11325420 -0.07397987 0.00102783 
-0.00681649 -0.02836398 -0.18756333 0.00933871 
-0.03686226 0.01181933 -0.14402882 0.05236974 
0.04693712 -0.01788907 -0.15464906 0.04485183 
0.00958815 -0.06815199 -0.04596541 0.09903271 
0.11628269 0.01347880 -0.17000886 0.07992889 
-0.09832121 -0.04007077 -0.04253571 0.06446899 
-0.01191174 -0.08990600 -0.05172601 0.16043941 
0.03544037 -0.05835814 -0.03128461 0.26144920 
-0.02027876 0.08404365 -0.04761641 0.05432643 
-0.01697360 -0.03628453 -0.19171989 0.17860009 
-0.04169917 0.00303037 -0.08753166 0.11124182 
-0.09600517 0.04755296 -0.06417186 0.05404706 
0.03966283 -0.10373738 -0.07171087 0.09485129 
0.01788005 0.06499635 -0.02117950 0.07114093 
-0.05740868 0.11600106 -0.03941403 0.07812320 
0.00883258 -0.10692622 -0.04135219 0.07272839 
-0.01913171 0.06631773 -0.13721790 0.10336608 
0.02590839 -0.12064837 -0.09310774 0.20944775 
0.02381724 0.04187312 -0.13507007 0.04796904 
-0.00124079 -0.03770204 -0.03133855 0.07175718 
-0.00775882 -0.05528164 -0.18046916 -0.03667777 
-0.02576739 -0.04490362 -0.16482425 0.15334897 
0.04154734 -0.04502891 -0.00872804 0.13703598 
-0.02196557 -0.12907075 -0.15714613 0.12423437 
0.10788719 -0.11041498 -0.05058443 0.12760165 
-0.07561414 -0.04503629 -0.04889226 -0.06726010 
-0.03616086 -0.07898965 -0.06139193 0.14533809 
0.04508513 -0.14454376 0.00128774 0.19186564 
-0.02607073 -0.05504320 -0.12903546 0.02575864 
-0.00951127 -0.11534894 -0.09461744 -0.03383717 
-0.00773047 0.03447777 -0.12293766 -0.00376432 
-0.11304238 -0.00457642 -0.04941269 0.01239705 
0.02146072 -0.03579813 -0.08427731 0.12991461 
0.03324569 -0.02361127 -0.20662015 0.04100317 
-0.03841177 0.08221285 -0.04975610 0.05249345 
0.00553456 -0.04005019 -0.06723427 0.12428578 
-0.01951483 -0.02387166 -0.17882526 0.11701807 
0.02496053 -0.05128035 -0.10839582 0.09184570 
0.02304377 0.04011071 -0.00967467 0.15892816 
-0.02959350 0.02169871 -0.16260495 0.06995566 
-0.00940660 -0.04301259 -0.15639660 0.06664892 
-0.00264255 0.03557303 -0.12383026 0.10116445 
0.05162753 -0.14571882 -0.02491460 0.05796989 
-0.03734534 0.02394219 -0.06445270 0.00655706 
0.10838573 -0.13518635 -0.07242763 0.10500173 
-0.05880417 0.00812960 -0.04489867 0.08985856 
-0.04185817 -0.07512528 -0.14313215 0.15687226 
0.04161388 -0.07321120 -0.03401970 0.15879913 
-0.03741014 0.00732778 -0.11672541 0.01633526 
-0.00729626 -0.09434406 -0.01650806 0.10630233 
-0.00096536 -0.06094148 -0.10764649 0.10782410 
-0.10993772 0.00551827 -0.08010618 0.14150521 
0.00003428 -0.05934602 -0.00188030 0.05932839 
0.03025336 0.01520810 -0.15730334 0.10254189 
-0.01195422 0.05860097 -0.11531868 -0.07775514 
0.00510260 -0.08716956 -0.03489582 0.14111544 
-0.00412093 -0.10707978 -0.17425190 0.14187684 
0.00334395 -0.13482479 -0.10467452 0.07067745 
-0.00240630 -0.02488193 0.00144035 0.08485942 
-0.03490284 0.01618018 -0.08831653 0.01091270 
-0.01201711 -0.10690585 -0.06839855 0.06241611 
b1
0.49722744 -0.14530743 -0.29989000 0.26769582 
w2
9.74850642
-4.10654722
-3.07315455
4.13596137
b2
4.16691367
errfunc linear