nlayers 2
nin 418
nhidden 4
nout 1
nwts 1681
w1
-0.19134729 0.15169666 -0.15560224 -0.01708309 
0.14997556 0.09021630 -0.03569768 0.15023120 
-0.04829844 0.23623429 -0.00826173 -0.05474792 
0.02482063 0.04072423 0.01947699 -0.00014310 
-0.05395532 0.04141819 -0.09531510 0.13313633 
0.03525934 0.06288648 0.01530234 -0.04691759 
-0.00025692 0.03348542 -0.15017341 0.10168865 
0.04845371 0.04457304 0.07505063 -0.02415893 
-0.01574215 0.07131176 -0.12934582 0.09576987 
0.04229728 0.01495471 -0.08823897 -0.06585801 
0.03238887 0.16708407 -0.06794188 0.00207167 
0.10479986 0.10522756 0.00457280 -0.13412841 
-0.05058407 0.13774293 -0.09959625 0.03851610 
0.04477816 0.05131671 0.02794165 -0.07489923 
-0.07593799 0.02710564 -0.05164624 0.12948345 
0.07894055 0.08757880 -0.08101236 -0.01656090 
-0.08528655 0.20292574 -0.11887481 0.14251572 
0.11298900 0.09554265 -0.07032758 0.01041479 
-0.27447754 0.07635826 -0.03965085 0.10132433 
0.13207333 0.01989679 0.03976990 -0.07115088 
-0.11968829 0.19025012 -0.17940427 0.11737654 
0.14323436 0.04241785 0.07351855 -0.00687586 
-0.07144210 0.16418693 -0.09355937 0.04740945 
0.18216312 0.03954533 0.00616350 -0.09091201 
-0.02830509 0.16559266 -0.06514483 0.08403808 
0.11578495 0.10688006 0.00809844 -0.06556739 
0.01466605 0.11624939 -0.06785175 0.08944310 
0.17425085 0.04247722 0.07088948 -0.01168645 
0.05085724 0.00150434 -0.11735256 0.06491181 
0.13912703 0.01960296 -0.09222866 -0.06093486 
0.07340460 0.11485899 -0.06006383 0.04401758 
0.14267268 0.11224136 -0.01628238 -0.11030855 
0.08660955 0.09874560 0.00503584 0.08479970 
0.08928078 0.11007495 -0.08072333 -0.09200330 
0.07704873 0.04863250 -0.11742630 -0.01604389 
0.16973007 0.07891925 0.00524336 -0.11487354 
-0.03324850 0.05555452 -0.06695371 -0.09343836 
0.27055668 0.19384490 -0.03927703 -0.04068624 
0.11830606 0.09090908 -0.00847658 -0.06041442 
-0.14484244 0.00344800 -0.00780377 -0.11647462 
-0.02571247 0.03801458 -0.11399007 -0.08343054 
0.06864101 0.13746472 -0.06502085 0.01393223 
0.00639893 -0.02470224 -0.03216808 -0.04419979 
-0.03361357 0.00796736 -0.09032389 -0.02806952 
-0.04726976 0.02171698 -0.04621606 0.05735883 
0.06662669 0.11684249 0.01322552 0.05022170 
-0.03790696 0.04930502 0.01721955 -0.09570402 
0.00583206 0.03982966 -0.10633590 0.04796130 
0.00371917 0.00009863 -0.05151514 -0.01686732 
0.01526089 0.07396851 -0.01508573 -0.02943523 
-0.05688132 0.11364135 -0.09002630 -0.04686267 
0.09917043 0.05220724 -0.00054378 0.00524558 
0.07640559 -0.08248718 -0.04758890 -0.06074266 
0.03946096 0.03779196 -0.12799569 -0.01168357 
-0.02281171 0.02474215 -0.08734957 0.01651894 
-0.00709511 0.05444495 0.01238988 -0.03526786 
0.06709180 0.10986348 -0.03911028 -0.07897382 
-0.07170290 0.16520144 0.01147742 -0.05442655 
0.08746917 0.05006273 -0.04635821 -0.04989129 
-0.12074372 0.08320964 0.07439950 -0.01573311 
-0.00155737 0.04609874 -0.03202377 -0.09302707 
-0.04198068 0.00743550 -0.03271172 0.06959273 
-0.01712820 -0.03466437 0.04873274 -0.03852783 
-0.00236685 0.09296921 -0.10980330 -0.02106859 
-0.06394672 0.08871366 -0.05043194 0.10117914 
0.10356152 -0.00783958 0.03342119 0.01141508 
-0.03107976 0.04426292 -0.08691456 -0.05492146 
-0.03249211 -0.00319466 -0.09156710 0.01554695 
0.07319831 0.14689849 -0.03433088 0.00586470 
0.00947215 0.05509516 0.01530330 -0.03754405 
-0.06209995 0.11343957 -0.12776211 -0.02269532 
0.04019409 0.04943865 -0.06713388 -0.03242702 
0.06557713 0.12497435 0.06269028 -0.04105995 
-0.00176934 0.03506304 0.05669857 0.03723047 
-0.01045354 0.06963076 -0.03861982 -0.02961261 
0.01675294 -0.01906669 -0.02855466 -0.04496744 
0.07735646 0.08967303 -0.00242618 -0.02052459 
-0.04980267 0.08386662 -0.00790759 -0.01064789 
0.05684820 0.04245651 -0.00224230 -0.00543210 
-0.05863735 0.03853755 0.06377438 0.01246366 
0.02253124 0.07476755 0.00493779 -0.04604642 
-0.02300951 0.05872902 0.02734213 0.07055190 
-0.03614599 0.09917318 -0.06069018 -0.06444717 
0.01469416 0.09793424 -0.04346533 -0.03020288 
-0.11551655 0.01442248 -0.06829713 0.17664424 
0.08883763 0.14068833 -0.07436809 -0.03551623 
-0.09165172 0.06471481 0.00542870 -0.06265263 
-0.08108074 0.07756605 0.01710969 -0.03337612 
0.10938345 0.03147699 -0.00820279 0.00969840 
0.01099123 0.05518009 -0.08024852 0.02023916 
-0.02888014 0.04894477 0.00960143 0.02345781 
0.07346832 -0.05988339 0.06119083 -0.00312468 
0.06744252 -0.01032944 0.01552876 -0.04890259 
-0.03163521 0.08874100 -0.04549083 0.01914994 
-0.04300840 0.13122802 -0.06148730 -0.06708376 
0.07630370 0.02066230 0.04319107 -0.02204186 
0.04054174 0.06903449 -0.05907319 -0.05012638 
-0.01864712 -0.00641580 -0.04358700 0.01041773 
0.04690342 0.07399960 0.01310702 -0.03709450 
-0.07136615 0.03635603 -0.08994170 -0.04458465 
0.00728764 0.06465052 -0.03705965 -0.05650885 
-0.04706618 -0.00234000 -0.04146192 0.02388586 
-0.07713922 -0.06201225 0.01880333 -0.13187410 
0.03009490 -0.00047729 -0.01238621 0.03417628 
-0.07940765 0.02903901 -0.09249299 0.08728174 
0.08922093 0.01825720 -0.07725187 0.00532867 
-0.02145637 0.04368786 0.05439395 -0.02457819 
-0.02585759 0.08971475 -0.03537868 0.05462019 
0.07974686 0.03159254 0.02067232 -0.03110270 
0.00413799 0.08181528 -0.02692642 0.09375276 
-0.04619999 0.07002573 -0.03024174 0.09502622 
0.12110470 0.00908579 0.04584752 -0.07948674 
0.06150702 -0.01853990 -0.04149496 -0.04071844 
-0.05680137 0.01245315 -0.14940795 0.08585256 
-0.02498938 0.11933373 -0.08419850 -0.08403565 
0.08211601 0.03871121 0.01495070 0.01826731 
-0.00124478 0.05118789 -0.04032265 0.00778586 
-0.05174743 0.04922762 0.02972490 -0.04912250 
0.05270681 0.11770749 0.05707125 -0.00141941 
-0.02459125 0.01951851 -0.00964010 0.09887649 
0.01980167 0.13581711 0.04221080 0.01392287 
-0.08833957 -0.07233174 -0.08246522 0.06490488 
-0.05927359 -0.07401472 0.10967931 -0.12395504 
0.00302838 0.03350059 -0.03119132 -0.01319304 
-0.02806457 0.02479436 -0.00558459 0.01778606 
0.03942498 0.03511347 0.00810150 -0.00322635 
-0.06958361 0.11096280 -0.04239249 0.02647294 
-0.03560724 0.00866494 -0.09802374 0.09417535 
0.08454361 -0.04664971 -0.03333694 -0.03125466 
-0.02233363 -0.01905574 -0.03177849 0.09619010 
-0.06768215 0.10598114 -0.18124165 0.06350880 
0.18002763 0.07772501 0.02251040 -0.07705060 
0.05597473 0.00598610 -0.02645619 -0.02421380 
-0.01630651 0.06069493 0.01825103 0.06746211 
-0.10094887 0.04638699 -0.03607893 -0.07390424 
0.08114597 0.00979108 -0.02418559 0.02933430 
-0.03178847 0.10838671 -0.07052820 0.03250688 
0.01706534 0.05414305 -0.05149743 -0.10473259 
0.04652944 0.17315652 0.02104109 -0.01691505 
-0.08534414 0.04043793 -0.11546995 0.10624569 
-0.00517251 0.09665669 -0.08257881 -0.05038433 
-0.13091987 -0.04322194 0.01392890 0.12902819 
0.00945249 0.05127989 -0.03398374 -0.11350001 
-0.04460932 0.09141983 -0.05567358 -0.00177039 
-0.01752130 0.09299546 -0.04834846 0.09293028 
0.03893929 0.00387241 -0.01617149 -0.01542375 
-0.06509917 0.08833814 -0.01906603 0.09202832 
0.02379155 0.17178135 -0.00922452 -0.03198492 
0.10366092 0.15595160 -0.06582397 -0.00370200 
0.04667410 0.01558138 -0.06228748 0.14357084 
-0.14699686 0.06273641 -0.00065904 0.06084516 
0.20523739 0.02413204 0.04239723 -0.05327332 
-0.03189936 0.00539737 -0.00803939 -0.03754177 
-0.05813698 0.07077706 0.05225379 0.09766145 
-0.07334223 0.03328922 -0.05127712 -0.09365209 
0.05430673 0.03456271 0.01222256 -0.00277312 
-0.02509960 0.03177583 -0.04078446 0.02513576 
-0.01656815 0.06058026 -0.02283383 -0.01957381 
0.00594856 0.01392396 -0.00096289 -0.01928723 
-0.08367237 0.03780120 -0.02829501 0.12203291 
-0.00824970 0.12104129 -0.07096862 0.06374905 
-0.11000662 0.04215471 0.00189984 0.05800657 
-0.01832598 -0.01063963 -0.06725385 -0.16250639 
-0.05970126 0.06359818 0.02570394 0.07185670 
-0.04350587 0.03354770 -0.03866066 0.03740285 
0.07072950 0.09546278 0.01060189 -0.02195642 
-0.04891095 -0.03687082 0.00861555 0.05615157 
-0.07957824 0.06305240 -0.03163935 -0.05139210 
0.16885355 0.04913679 -0.09742976 -0.01034375 
0.02069919 0.07169827 0.00417389 0.10685199 
-0.09967331 0.05782856 -0.01991301 0.07834956 
0.20925207 0.04982059 -0.00278611 -0.06017459 
-0.00881347 0.05251481 0.08375030 0.00894147 
-0.02259389 0.07241189 -0.05253317 0.08149076 
-0.06393517 0.02231557 0.05662756 -0.10589497 
0.07216390 0.11300770 -0.04631758 0.02751493 
-0.07540497 0.07601518 -0.03826850 0.01208218 
0.00662441 0.05477630 -0.03521869 -0.00443974 
0.03941090 0.05432502 -0.04118896 0.00625742 
-0.08888683 0.12584769 -0.12457256 0.09404266 
-0.03347301 0.05116838 -0.05698622 0.03739510 
-0.11821154 0.11978512 -0.03137592 0.06161559 
-0.02440067 -0.00344365 -0.08077721 -0.17014146 
-0.08630714 0.03052080 -0.00374270 0.00366835 
-0.04376238 0.05451480 0.00087585 0.07586710 
-0.00233054 0.07993558 -0.09038883 0.02793002 
-0.02806003 0.05317387 -0.01185416 0.04812899 
-0.07740087 -0.01308945 0.03692429 -0.01776896 
0.16965295 0.00340861 -0.06755282 0.07779273 
0.00659508 0.06232120 0.00621869 0.17212893 
-0.11709662 0.02708979 -0.15722148 0.04502828 
0.26108206 0.05992947 0.03830752 -0.05861684 
-0.01155738 0.08337515 -0.06083537 0.02414213 
-0.06635566 0.10190005 0.04609406 0.02288780 
-0.02885928 0.05648541 0.04146432 -0.04609818 
0.00491451 0.01986728 -0.05525751 0.02792521 
-0.07161234 0.03219323 -0.07082064 0.04535410 
-0.04601418 0.05579676 -0.09346144 -0.09020329 
0.05385142 0.16583645 0.06103848 -0.05293869 
-0.07615019 0.07951658 0.01885498 0.16551432 
-0.03476533 0.12870296 -0.06783827 0.07430498 
-0.17900635 -0.01118882 -0.03705678 0.08754417 
0.04403664 -0.03649929 -0.01983216 -0.20535035 
-0.08074371 0.10182503 -0.00218398 0.07125523 
-0.06471972 0.08006932 -0.00994956 0.03728016 
-0.01919012 0.01347859 -0.05374732 0.03222034 
-0.04831286 0.02266530 -0.08060958 0.07537046 
-0.03321647 0.06821973 -0.06200888 -0.11209518 
0.22611941 0.11860543 -0.04125790 0.04794816 
-0.04078195 0.04148336 0.01005385 0.09419923 
-0.17059817 0.04694242 0.00931373 0.05224843 
0.27966656 0.05295547 0.00116738 -0.10658785 
-0.06354239 0.12099366 -0.01576983 0.03633744 
-0.03346996 -0.00784426 -0.00475980 0.08035436 
-0.04719202 0.08801121 -0.08044495 -0.05265631 
0.04169649 0.09575793 0.01387166 0.03205564 
-0.03510098 0.08351331 -0.04333591 0.09761386 
-0.07753532 0.00853540 -0.02153676 -0.03182744 
0.11268356 0.01682230 -0.10946479 -0.08370792 
-0.10951230 -0.01106922 0.00886247 0.15214907 
-0.13220497 0.01116231 -0.00718244 0.09488605 
-0.19591692 0.06025637 -0.01981630 0.12844686 
-0.00795150 0.01049050 -0.05186973 -0.22712334 
-0.07321514 0.14168485 -0.01316357 0.12654062 
-0.14641266 0.11297355 -0.06725259 0.00374224 
-0.06431516 0.00495623 -0.03142144 0.06772693 
-0.06957824 -0.02264655 -0.05273068 0.12714895 
0.01892680 -0.04228724 0.03053101 -0.08898148 
0.23272008 0.11378004 -0.08211060 -0.00988856 
-0.02507694 -0.06388703 -0.17883903 0.15978602 
-0.10848464 0.06628211 -0.05830082 0.07749641 
0.36435887 0.06410642 -0.08047809 -0.11823078 
-0.12506344 0.08633374 -0.04672006 0.11788649 
-0.02511632 0.07748391 -0.05955025 0.10493647 
-0.02560020 0.04677437 -0.08000673 -0.02722611 
0.11462271 0.03487491 0.00650915 0.08133525 
-0.05676805 -0.00073264 0.02679214 0.08611810 
-0.10418682 0.04497091 0.00816524 -0.02894755 
0.08504222 -0.01971951 -0.05577136 -0.03182028 
-0.06439487 0.09606500 -0.02476780 0.11172737 
-0.04232490 0.03968075 0.03559372 0.06146358 
-0.17996668 0.01181179 0.00059383 0.11147735 
0.05129599 0.03183645 0.09151494 -0.13988009 
-0.07971881 0.03418927 -0.04142400 0.06549053 
-0.02585234 0.06775517 -0.01501819 0.00505512 
-0.00839991 0.10870618 -0.00623317 0.08756211 
-0.00346785 0.06174423 0.05489245 0.13755895 
0.01783198 0.14164615 -0.01654500 -0.10417698 
0.17605276 0.14090148 -0.04599327 0.02476047 
-0.03724087 0.08215003 0.01478412 0.13757122 
-0.12983539 0.03359361 0.02360255 0.02829324 
0.30485380 0.07466244 -0.07483966 -0.05354698 
-0.08309163 0.08232847 -0.03161957 0.07215237 
0.00930431 0.06928349 -0.07307649 0.10246023 
-0.02313568 0.05613359 -0.02352468 -0.01434544 
0.08302641 0.03596885 0.09472964 0.07816955 
-0.04954587 0.07133730 -0.00750524 0.06599235 
-0.05208301 0.00511192 -0.05078192 0.04105954 
0.12013551 0.15627490 -0.13026810 -0.00724363 
-0.04202272 0.00703013 0.03326710 0.11513561 
-0.04994856 0.06515095 -0.05008849 0.10996621 
-0.14354298 0.04596337 -0.01877560 -0.01481603 
0.04521960 -0.02059130 -0.08326285 -0.12034124 
-0.03335006 -0.07069187 -0.00434815 0.05592871 
-0.02417869 -0.02944540 -0.02842777 0.01664782 
0.03210356 0.06568220 0.02131619 0.05942974 
0.01211246 0.01733788 0.00968277 0.11019626 
0.00489213 0.10650451 -0.01211037 -0.08315222 
0.13813822 0.02937414 0.01967310 0.05513254 
-0.07958849 0.04829309 -0.01481937 0.07147027 
-0.12336305 0.03794353 -0.05094349 0.00681940 
0.28605787 0.08012788 -0.03343204 -0.07520287 
-0.08207352 -0.03128472 -0.03563375 0.04846865 
-0.03625745 -0.00475023 -0.02671363 0.08010138 
-0.00963180 0.04005772 -0.05614521 0.04735270 
0.04337877 0.01770406 -0.01611026 0.10010883 
-0.03901392 0.05959710 -0.12052970 0.08386632 
-0.00895021 0.12563619 -0.01187890 -0.02148438 
0.08132223 0.11023130 0.06010062 -0.06069404 
-0.02922814 0.15402610 -0.05134479 0.15667676 
-0.04143107 -0.02533881 -0.00709362 0.10281944 
-0.13615715 0.03867681 -0.05327199 0.02949909 
0.03482988 0.01734046 0.02671365 -0.13080683 
-0.06957344 0.05942136 -0.01379280 0.03543568 
0.00893147 0.02412963 0.00961045 0.06876060 
0.04791954 -0.02918444 0.01640965 0.06554100 
0.00888168 0.04728305 -0.04437130 0.15973558 
0.04757985 0.14874379 -0.04979831 -0.07454136 
0.16194227 -0.03155992 -0.00490420 0.07900691 
-0.06176012 0.12066865 0.00451834 0.08404822 
-0.14093108 0.03845808 -0.04774701 -0.00797753 
0.29131340 0.03757921 0.04139599 -0.09927596 
-0.04878129 -0.00885304 -0.03156828 0.05694286 
0.04561135 0.11297142 -0.00382735 0.10463073 
-0.03981189 -0.03547166 -0.03956066 0.06949338 
0.04847906 0.03463584 -0.00769454 0.08236349 
-0.03635939 0.05334837 -0.04367542 0.08055859 
0.03052536 0.10329623 -0.05800546 0.01276803 
0.07967122 0.05892205 0.00916967 -0.03808874 
-0.04816561 0.05119603 0.03086142 0.10437738 
-0.00394122 -0.00849248 -0.03474743 0.10335580 
-0.07781269 0.08057403 -0.05429532 0.09387289 
0.08052436 0.00642095 -0.01128373 -0.07607360 
-0.09458723 0.06360558 -0.06862542 0.05614140 
0.01090260 0.10690952 0.02507161 -0.01499939 
0.02744813 -0.00228917 -0.06173048 0.03355162 
0.03269108 0.07771568 -0.08092412 0.13862476 
0.01837701 0.01971832 -0.08175870 -0.11132706 
0.17151246 0.01435470 -0.07091495 0.07513083 
-0.05196338 0.02857770 -0.08854762 0.11075257 
-0.15211748 0.06093743 0.01924809 0.00691503 
0.22869603 0.00226814 -0.00315577 -0.09959378 
-0.03699602 0.02543973 0.01667575 0.04427521 
-0.00369268 0.06898278 0.00543113 0.04011909 
-0.04449188 0.13474280 -0.01899644 0.06839231 
0.00396684 0.06499181 0.00954787 0.07395295 
-0.02293240 0.00779899 -0.09123212 0.05747382 
0.02555585 0.01297008 -0.05112030 0.01813919 
0.12863572 0.03500010 -0.02767264 -0.01537307 
-0.03174375 0.05689181 -0.11851788 0.12412646 
0.03645589 0.07555730 -0.07231963 0.09393838 
-0.07434915 0.06979950 -0.05942687 0.05259988 
0.01082490 0.04088932 0.02177597 -0.07554638 
-0.06083992 0.10981944 -0.02701991 -0.00829526 
-0.03539971 0.02414671 -0.08767876 -0.05247124 
0.05601721 0.10371712 0.00080497 0.00931257 
0.03276921 0.02346261 -0.03249340 0.08878865 
0.07555769 0.09916859 -0.01482020 -0.04334409 
0.04459865 0.05966523 -0.01972610 0.02311826 
-0.00603673 0.00614263 -0.01768515 0.04894238 
-0.09622054 0.07826892 -0.03113601 0.03670093 
0.22299391 0.07800613 0.03818658 -0.08732907 
-0.02618295 -0.00577448 0.01610068 0.00975215 
-0.00952289 0.06262743 -0.02950521 0.01134865 
-0.05603611 0.10440819 -0.09578399 0.04407000 
-0.04572353 0.07796950 0.04698083 0.05127450 
-0.01090115 0.09177992 0.02227865 0.05189624 
0.01274842 0.09195547 0.02198866 -0.03846983 
0.04446869 0.07381477 -0.09279622 -0.02496341 
-0.02594410 0.04456953 -0.03901074 0.13952845 
0.05407483 0.04424023 0.00029622 0.12150557 
-0.07108651 0.03126340 -0.07162296 0.13521820 
0.02577120 0.06542769 -0.04841007 -0.06943224 
-0.02340417 0.05912005 -0.05748373 -0.07823964 
-0.04533696 0.02733370 -0.02218595 -0.09666314 
0.09083206 0.02162100 0.04929383 0.00481532 
0.01386746 -0.02279911 -0.13599516 0.06069633 
0.12543600 0.09219348 -0.03672371 -0.06248646 
0.10474362 0.14356646 -0.01370520 0.06675508 
0.01022591 0.12117858 -0.03951349 0.03674276 
-0.13706931 0.01005669 -0.06677954 -0.01538343 
0.17933504 0.07877472 0.01818146 -0.01408784 
0.01396924 0.05060471 0.00608450 0.00511700 
0.01268345 0.14098265 -0.02112497 0.01331695 
0.01762551 0.08576244 -0.03936972 0.05073113 
-0.00902660 -0.01795937 0.03828306 0.03707366 
-0.01373444 0.01949667 -0.05678383 -0.01770779 
-0.02587971 0.03779515 0.02314517 -0.04642303 
0.03780048 0.06305472 -0.15210163 -0.06133394 
-0.01755782 -0.00712180 0.00687113 0.06600642 
0.00117808 0.04526689 0.07044951 0.06779629 
-0.07617961 0.08547156 -0.01643061 0.08639610 
-0.00512033 -0.07269637 -0.10681365 -0.09230063 
-0.04853032 0.01688739 -0.02962147 -0.06012205 
0.00749838 0.04471949 0.04504755 -0.06380596 
0.09402467 0.11468138 -0.06660866 0.05200657 
0.06778084 0.06930617 -0.02618783 0.05002976 
0.11199418 0.12529429 -0.13368247 -0.08216441 
0.14518828 0.13489199 -0.02460691 -0.01173420 
-0.02015072 0.05017625 0.05096612 0.09064708 
-0.10886795 0.04130970 -0.03506454 -0.01241417 
0.14454746 0.09788454 0.01063682 0.00612528 
0.02601867 0.05346547 -0.03600665 -0.00412355 
0.04438104 0.10977217 -0.05014322 -0.08040812 
-0.00186042 0.05463128 -0.04388903 -0.00702940 
0.04128164 0.02200400 -0.02042746 0.01008198 
-0.06184166 0.03560083 -0.06894568 -0.04157308 
-0.03869892 0.07279136 -0.03981562 0.00622640 
0.06125019 0.13182512 -0.07049627 -0.04366341 
0.02466787 0.02388566 -0.04041999 0.04902322 
0.06384848 0.11795201 -0.05654826 0.01579686 
-0.04693926 0.06707107 0.03223589 0.06390744 
-0.03355833 0.07546076 0.07455795 -0.10302770 
-0.02105003 0.06914385 -0.05264369 -0.08719181 
-0.03246946 0.03144753 -0.02943684 -0.05785223 
0.13035733 0.06711436 0.00294835 0.01308678 
0.01000176 0.07990347 -0.03355357 0.00616009 
0.06525454 0.09756929 0.02163112 -0.06560933 
0.13676252 0.11034920 -0.05311474 -0.02737952 
-0.01912010 0.00364018 -0.00221998 0.06697982 
-0.10373573 0.07357572 -0.04569667 -0.00173941 
0.13468584 0.05481955 -0.04309898 0.00972760 
0.04943544 0.02951652 -0.02632946 0.02100155 
-0.01176716 0.09027609 -0.00319038 -0.10139603 
-0.00575525 0.11482031 0.00616421 0.00491169 
0.02371628 0.06649526 0.00778575 -0.00669293 
-0.05455561 0.05871990 0.04156862 -0.04843566 
-0.03448466 0.12355756 -0.08977647 -0.02328031 
0.00498100 0.03151609 -0.08257918 -0.00563499 
0.00484327 0.10442325 -0.02296151 -0.01666063 
0.03122749 -0.01141739 -0.00527820 -0.05401839 
-0.05272815 0.02842115 -0.13147220 0.04191746 
-0.06242616 0.00956981 -0.05709541 -0.04940488 
-0.01776367 0.07954720 -0.06688062 -0.07720360 
-0.04733167 0.03689505 -0.07603900 -0.06178200 
0.10574097 0.05266013 -0.02975519 -0.00876338 
-0.02597712 0.03853511 0.02965078 0.00018718 
0.05687497 0.06326377 -0.03108433 -0.08606256 
0.14244509 0.10021174 0.01902539 0.00205303 
0.04857952 0.06522873 -0.00963441 0.06637991 
-0.08475957 0.15549104 -0.08720678 0.01475570 
0.12258416 0.04073480 -0.12904045 0.07323167 
0.06727218 0.07119032 0.01573905 -0.00251117 
0.02121951 0.08302505 -0.06834700 -0.08507939 
-0.06136045 0.07235056 -0.09121034 -0.01339559 
0.02585177 -0.00536051 -0.07857031 -0.02482686 
-0.05923217 0.08295432 -0.05489268 -0.06209189 
-0.08386719 0.09248759 -0.02555354 -0.05768517 
b1
-0.04754967 0.12078591 -0.13127692 0.17625775 
w2
-4.85596636
5.19380596
-5.50187546
4.95978309
b2
4.83359634
errfunc linear