nlayers 2
nin 380
nhidden 4
nout 1
nwts 1529
w1
0.56804248 -1.35611433 0.19505688 -0.10240848 
0.19208575 -0.62392498 0.19384047 0.05892691 
0.20076404 -0.53646161 0.14437237 0.03330342 
0.26817124 -0.56065414 0.21273960 0.10097079 
0.12294521 -0.23726314 0.08714575 -0.03637498 
0.23502713 -0.42476977 0.12919422 0.03768610 
0.28766187 -0.65714960 0.21957890 0.10501407 
0.56277116 -1.28238595 0.28220114 -0.06948451 
0.10041768 -0.36249940 0.03246326 -0.08008458 
0.52839131 -1.15340673 0.28439469 -0.10025613 
0.63225050 -1.67686729 0.30290431 -0.13045320 
0.27476327 -0.67378111 0.17992175 0.02800589 
0.30510034 -0.50377335 0.07295320 -0.02688746 
0.37721916 -0.85099510 0.14730304 -0.14202627 
0.31581376 -0.72205919 0.15645597 -0.00849875 
0.35016219 -0.87157060 0.14671424 -0.01873478 
0.30703649 -0.86845125 0.12050518 -0.05610534 
0.20094480 -0.32316022 0.05656555 -0.14324362 
0.29190557 -0.53488213 0.05564654 -0.12329527 
0.56590424 -1.30724625 0.25355485 -0.05150241 
0.60395193 -1.48973803 0.29100486 -0.09436746 
0.21012402 -0.63198509 0.19042921 0.08905939 
0.23416207 -0.58851826 0.18228137 0.06079384 
0.25463224 -0.64305062 0.23203173 0.15166266 
0.10610506 -0.17492476 0.07104145 0.00241774 
0.15159441 -0.38734269 0.15371465 0.07030811 
0.20238371 -0.72896622 0.32336123 0.13230285 
0.61765054 -1.37344714 0.19010997 -0.06253858 
0.07021883 -0.31147424 0.06706841 -0.06266437 
0.42680647 -1.12754688 0.22139404 -0.11702673 
0.66662534 -1.57906387 0.19397553 -0.14041817 
0.33573524 -0.60632603 0.16220872 0.07744529 
0.22513291 -0.51023816 0.07425011 -0.03024579 
0.36137714 -0.88638344 0.12907843 -0.14146893 
0.29973894 -0.82394139 0.23027167 0.01772995 
0.30796407 -0.80440825 0.21403260 -0.01331429 
0.35747302 -0.82901468 0.27234547 -0.04000716 
0.16306354 -0.31312174 0.07376712 -0.15838124 
0.24174414 -0.49858922 0.17325905 -0.10425738 
0.46786146 -1.26649063 0.21004863 -0.06397768 
0.56506855 -1.55582981 0.28302053 -0.00994594 
0.25179266 -0.58008738 0.32889066 0.18276710 
0.22067203 -0.53430696 0.20858978 0.18749496 
0.26399504 -0.61697508 0.22213762 0.27379527 
-0.01774306 -0.13383174 0.13168937 0.09678343 
0.20671856 -0.46666811 0.19864353 0.15954999 
0.36405173 -0.78846366 0.29136106 0.25586601 
0.61653372 -1.39221138 0.26010616 0.02531656 
0.19477702 -0.25074498 0.03155913 0.04736498 
0.47217160 -1.06014460 0.12671369 -0.06054804 
0.57378498 -1.69334608 0.19839004 -0.07114610 
0.30140451 -0.64310427 0.22688596 0.18683605 
0.16408394 -0.55646326 0.14212565 0.03024952 
0.38440343 -0.86847239 0.18366317 -0.08978753 
0.28950523 -0.73815875 0.24905454 0.13296132 
0.36796035 -0.89429048 0.19409604 0.07728775 
0.30392213 -0.86322064 0.16446999 0.04112204 
0.16393542 -0.40742477 0.07927467 -0.09681477 
0.19415178 -0.40857031 0.18022801 -0.02291107 
0.47629560 -1.32453210 0.23346113 -0.00275544 
0.63076120 -1.41803790 0.27364538 -0.05702079 
0.23356395 -0.62220746 0.23858641 0.12852248 
0.17404943 -0.55543786 0.14228615 0.12320331 
0.30828337 -0.63973217 0.21700757 0.23598017 
0.07034066 -0.17192200 0.02394031 0.00337198 
0.13029791 -0.49081399 0.25146462 0.12311373 
0.33955128 -0.83146920 0.28452235 0.18176672 
0.66952647 -1.41993095 0.24211013 -0.02127727 
-0.01655972 -0.41609887 0.03060842 0.01301500 
0.45062337 -1.01846670 0.00122293 -0.13629175 
0.64731403 -1.58787097 0.14812571 -0.14935172 
0.25138413 -0.70192672 0.18837025 0.14050673 
0.29745255 -0.50265754 0.11873774 -0.03542844 
0.34131292 -0.85653167 0.19830821 -0.15593929 
0.41035552 -0.69705917 0.19703185 0.09480676 
0.30555707 -0.81632072 0.15465651 0.05625434 
0.28910253 -0.88229788 0.24225981 0.00105792 
0.10451350 -0.30582791 0.12277933 -0.15479844 
0.20169561 -0.49171652 0.12473223 -0.07089963 
0.50813417 -1.22849676 0.17785902 -0.07135069 
0.61769358 -1.44644581 0.17847212 -0.17347300 
0.26815913 -0.77078569 0.27962857 0.03459017 
0.29606580 -0.43353132 0.16792450 0.03749518 
0.24114969 -0.63297452 0.21174684 0.19032384 
0.09360975 -0.13435597 -0.00189205 -0.10978588 
0.27549431 -0.49763446 0.16564776 0.05733876 
0.26703470 -0.88173969 0.27258051 0.10979084 
0.61899420 -1.35306557 0.15703486 -0.13377050 
0.09244649 -0.28225103 0.16662004 -0.07033760 
0.50962120 -1.09695752 0.16444920 -0.28443583 
0.70320460 -1.61442721 0.21912010 -0.27908133 
0.23960813 -0.81944197 0.23821589 0.05286583 
0.16036982 -0.46441659 0.17453113 -0.15260991 
0.33364497 -0.88114839 0.08888003 -0.28244204 
0.25395382 -0.80235838 0.18116150 0.00630600 
0.26580201 -0.88461454 0.22294476 -0.04947098 
0.43541974 -0.89405520 0.17754960 -0.09809336 
0.13977409 -0.38664910 0.11646827 -0.27342462 
0.23409097 -0.56675349 0.17262891 -0.16320031 
0.55134827 -1.31788338 0.18689973 -0.20938649 
0.62076182 -1.50318273 0.28468835 -0.08838644 
0.31779368 -0.74590718 0.29989203 0.17653556 
0.17234156 -0.55344496 0.21047931 0.16452257 
0.38779350 -0.73954104 0.23024694 0.34956072 
0.25572961 -0.21413368 0.14535799 0.01144176 
0.22673093 -0.47637485 0.18288034 0.21072026 
0.22587556 -0.72741778 0.27086613 0.25735483 
0.66784141 -1.42252914 0.20067820 -0.03985482 
0.10742878 -0.37431527 0.11260705 0.04616130 
0.45571111 -0.98028818 0.14632535 -0.22342063 
0.66514499 -1.54331002 0.19040452 -0.21363018 
0.27602122 -0.67212539 0.22546077 0.17267981 
0.11581908 -0.58118533 0.09933276 -0.06977335 
0.31696292 -0.75895221 0.00558274 -0.22416157 
0.29486942 -0.71341197 0.27841254 0.15020806 
0.40435570 -0.80008637 0.27201720 0.05928869 
0.29070003 -0.94472964 0.27519847 0.00168747 
0.08578453 -0.37994216 0.04164732 -0.20980644 
0.23666056 -0.61876087 0.18039468 -0.09146634 
0.57060703 -1.23875054 0.22874625 -0.15091737 
0.64922336 -1.40658734 0.29382374 -0.07190696 
0.30726935 -0.79058044 0.30192721 0.20065855 
0.21436736 -0.50910148 0.21354626 0.19316271 
0.25446496 -0.60186372 0.21652436 0.37063655 
0.05355143 -0.20583110 -0.08868232 -0.01555515 
0.26365082 -0.63282586 0.23649069 0.23326741 
0.40984634 -0.77287487 0.38280510 0.26636227 
0.54274961 -1.46183583 0.26309768 -0.01961417 
0.09054106 -0.33018690 0.11494717 0.07866875 
0.41338290 -1.00009991 0.13029192 -0.21926163 
0.57465452 -1.67475575 0.21189891 -0.21656248 
0.28211725 -0.64019270 0.27565726 0.19070019 
0.15170745 -0.49625005 0.14649276 -0.07383335 
0.36870096 -0.97708735 0.16351977 -0.21420723 
0.33335927 -0.76916661 0.28879676 0.19777708 
0.38103961 -0.87416915 0.25420850 0.08101769 
0.31847208 -0.83653966 0.25038364 0.00670453 
0.14980460 -0.30990115 0.01193918 -0.18632018 
0.19871598 -0.49920739 0.10907121 -0.12299859 
0.50439041 -1.38079405 0.21336026 -0.15782415 
0.57405132 -1.44585178 0.19920721 -0.20035718 
0.33058758 -0.77013061 0.22770365 0.07597318 
0.17377632 -0.58400107 0.23927218 0.07602489 
0.33472953 -0.66937437 0.27874658 0.23564368 
0.00980359 -0.23128652 0.11545913 -0.15521467 
0.19623934 -0.42100429 0.22990945 0.12307863 
0.37429445 -0.87992873 0.31359623 0.15792191 
0.53040057 -1.32048533 0.23164345 -0.13906418 
0.08538309 -0.37189343 0.13832578 -0.04989701 
0.45207990 -1.02672428 0.07830337 -0.35067753 
0.57956887 -1.54698703 0.11678226 -0.35764603 
0.31537788 -0.68539429 0.20394558 0.06585670 
0.23423652 -0.48093315 0.19688950 -0.19911334 
0.35808283 -0.90489363 0.03061069 -0.34602098 
0.29826404 -0.89458203 0.28655841 0.06818337 
0.45113009 -0.97067725 0.22627168 -0.05310509 
0.29755955 -0.85956828 0.25621741 -0.13923738 
0.15593862 -0.31658716 -0.00057151 -0.31548362 
0.17896848 -0.41382099 0.10920891 -0.26032642 
0.50017978 -1.34338787 0.23127143 -0.30033749 
0.68414359 -1.51294731 0.29448825 -0.16488423 
0.33734928 -0.79670523 0.30031841 0.14681000 
0.19572857 -0.61102693 0.21659127 0.15978824 
0.39669228 -0.71085877 0.29130249 0.33864931 
0.12346428 -0.20342487 0.00689145 -0.13346674 
0.19604089 -0.65708727 0.20416675 0.18318825 
0.32287907 -0.89954842 0.32027076 0.24781618 
0.51633302 -1.36762611 0.19364014 -0.08663827 
0.10792081 -0.26677128 0.16211575 0.02676344 
0.42985372 -1.08054084 0.10820292 -0.33806538 
0.70793554 -1.57946970 0.09388038 -0.35319737 
0.36030125 -0.71843897 0.32772317 0.14817928 
0.19947431 -0.51370615 0.12013384 -0.18145295 
0.33232233 -0.90827972 0.01434274 -0.34409850 
0.36374458 -0.84293929 0.30527564 0.14747132 
0.31594773 -0.96567983 0.31922268 -0.01566035 
0.18146473 -0.98961651 0.22613320 -0.09759535 
0.13591067 -0.29159369 0.07491617 -0.30874119 
0.12603080 -0.57849571 0.16118884 -0.20912408 
0.52242593 -1.37702359 0.17511916 -0.27103160 
0.63519561 -1.50512559 0.32676512 -0.04605895 
0.33606355 -0.79660595 0.32329518 0.34424436 
0.26564508 -0.59077868 0.26998310 0.36905843 
0.29884027 -0.74527877 0.30384874 0.52438184 
0.04296555 -0.08714803 0.01166637 0.00022749 
0.23038908 -0.59563581 0.19029119 0.35646571 
0.38243218 -0.86427844 0.38481971 0.43836289 
0.62958835 -1.44794497 0.31219535 0.06743109 
0.12910409 -0.36134828 0.18892421 0.17690134 
0.44542847 -1.04916057 0.06856343 -0.24118135 
0.61845703 -1.59535276 0.17377490 -0.25647971 
0.33586935 -0.77712180 0.40545999 0.34732047 
0.18390739 -0.55756459 0.18310626 -0.07022615 
0.30760549 -0.88793324 0.07493122 -0.24499673 
0.43620022 -0.90382477 0.28340466 0.29380198 
0.42729326 -0.84606791 0.27311133 0.13230046 
0.34183005 -0.93919391 0.27022284 0.04670586 
0.11751975 -0.33042792 0.11258972 -0.19875898 
0.17843265 -0.58971505 0.13211888 -0.10555441 
0.58217020 -1.28375908 0.17473853 -0.15906820 
0.62415358 -1.55116149 0.34845463 -0.17316803 
0.31671029 -0.86802558 0.31792705 0.16408043 
0.35699476 -0.70194607 0.22218042 0.18113943 
0.26317738 -0.69446817 0.21959515 0.31126406 
0.06725270 -0.16753256 0.01324813 -0.12975570 
0.28098241 -0.51645184 0.29218842 0.17950374 
0.41137665 -0.87222482 0.40322223 0.23217309 
0.56569841 -1.48172850 0.16257196 -0.08878410 
0.21725265 -0.43847444 0.18341512 0.02596299 
0.49023926 -1.12203694 0.14952132 -0.33762165 
0.58768030 -1.56790766 0.21292273 -0.36037503 
0.27249606 -0.75535338 0.28726217 0.15804404 
0.24290531 -0.48220225 0.12521335 -0.19087119 
0.27673214 -0.78830390 0.16540649 -0.33440037 
0.31644105 -0.78783209 0.25390803 0.12913748 
0.38478683 -0.90977061 0.20895195 -0.01277923 
0.29133803 -0.92308323 0.30321636 -0.11324942 
0.11258313 -0.45077486 0.03196690 -0.27165127 
0.26931502 -0.54492745 0.12254343 -0.23794032 
0.52068172 -1.30168562 0.28699137 -0.28294199 
0.59184811 -1.44593678 0.26190740 -0.10869772 
0.27924304 -0.82248628 0.26117201 0.21746397 
0.25035649 -0.67542693 0.23611496 0.23417469 
0.24905135 -0.68557426 0.22813803 0.35858296 
0.06703671 -0.21711599 -0.00562276 -0.04468221 
0.22350057 -0.54277226 0.18920737 0.18901787 
0.37488228 -0.89739921 0.32854066 0.25215723 
0.60981127 -1.30010593 0.24278013 -0.03610590 
0.14548957 -0.27843783 0.09580810 0.10500443 
0.53290504 -1.02227886 0.03165142 -0.27343410 
0.59089287 -1.65559244 0.17928146 -0.27676245 
0.24416133 -0.78268965 0.31652707 0.22834829 
0.10066115 -0.40834618 0.04287787 -0.13985665 
0.33160862 -0.71015661 0.06690566 -0.25058226 
0.39252936 -0.81326368 0.23554538 0.17561887 
0.28624436 -0.85798671 0.17371451 0.03839288 
0.31382431 -0.94167470 0.22739560 -0.05431379 
0.09971825 -0.38617111 0.01086113 -0.20577868 
0.18517569 -0.67295035 0.21080873 -0.15975621 
0.53388232 -1.30376286 0.07579371 -0.22310355 
0.53831059 -1.39054587 0.23391493 -0.09333362 
0.28157747 -0.76307999 0.20443206 0.26013900 
0.30875507 -0.56907459 0.20069918 0.26087597 
0.22842390 -0.71108592 0.27797008 0.39768325 
-0.03803548 -0.21969961 0.10684251 -0.05719111 
0.10781559 -0.52766781 0.17315166 0.21909498 
0.34010204 -0.89755034 0.32563704 0.27066704 
0.59204435 -1.40442316 0.30931076 -0.01817705 
0.11318838 -0.36006594 0.16998784 0.13660803 
0.43554840 -1.09372454 0.16717053 -0.25883622 
0.56839440 -1.46943606 0.23042924 -0.26646461 
0.20888877 -0.71214885 0.33954919 0.26797222 
0.19740318 -0.48546977 0.05920335 -0.13212912 
0.29820248 -0.86755158 -0.03185085 -0.23488726 
0.27426510 -0.83157424 0.20066941 0.18563683 
0.39303237 -0.93561141 0.24520642 0.04190348 
0.37333342 -0.86545398 0.30917358 -0.02586317 
0.19660198 -0.42658391 0.06690813 -0.15104478 
0.23897305 -0.43515050 0.17752064 -0.13636985 
0.54176531 -1.23263694 0.14411086 -0.20596184 
0.54344975 -1.40032204 0.18835048 -0.11541476 
0.36867526 -0.74319800 0.27923419 0.25559499 
0.32103430 -0.56909633 0.12487648 0.20620508 
0.29989412 -0.64611101 0.24027831 0.35809251 
0.08027688 -0.25054084 0.13016343 -0.06147450 
0.21481652 -0.48534791 0.19095453 0.17784694 
0.32409396 -0.85876091 0.24651236 0.22799152 
0.53561364 -1.41586585 0.22665110 -0.03771065 
0.09451136 -0.40634488 0.10693200 0.10282203 
0.48925823 -1.09256995 0.20704308 -0.26829653 
0.59326466 -1.58609491 0.23765285 -0.28080836 
0.30954818 -0.73538229 0.29773153 0.21691595 
0.18738398 -0.51244114 0.14870016 -0.14632932 
0.33395338 -0.88072907 0.01345612 -0.23429598 
0.28056839 -0.86007455 0.26065375 0.14219720 
0.45311240 -0.84049559 0.20854225 0.00424827 
0.35662824 -0.90289679 0.15329491 -0.02640600 
0.13187677 -0.35337244 0.00621732 -0.14329644 
0.14274249 -0.42233412 0.14105025 -0.12432987 
0.52997911 -1.22183452 0.14424837 -0.20971866 
0.54015683 -1.49191154 0.22422494 -0.15959251 
0.38985351 -0.79340686 0.29176706 0.15547399 
0.26369114 -0.58381411 0.22893933 0.11254999 
0.19792205 -0.59832753 0.28745953 0.25225841 
0.02882007 -0.17099446 0.03941085 -0.11294764 
0.20434717 -0.60818266 0.20188122 0.09000290 
0.23232087 -0.75860957 0.29412446 0.15152324 
0.57336298 -1.31204872 0.26259543 -0.10697426 
0.17909261 -0.33308716 0.15088405 0.03407872 
0.42319043 -1.13094670 0.10699761 -0.29194245 
0.64227530 -1.60276930 0.21503442 -0.30396669 
0.22605630 -0.73179243 0.28893628 0.11850432 
0.21385301 -0.46113458 0.11671038 -0.16531203 
0.42213533 -0.89360960 0.03938454 -0.24779025 
0.28868938 -0.87469046 0.20983598 0.07211843 
0.34369836 -0.96291209 0.19566528 -0.06260817 
0.36941869 -0.80115613 0.22251371 -0.08366021 
0.08018713 -0.39974893 0.13205748 -0.19882935 
0.20409926 -0.44707544 0.16390315 -0.14760245 
0.53109370 -1.23446329 0.25040516 -0.24388412 
0.61989810 -1.44152794 0.21598367 -0.16688931 
0.32395884 -0.68054817 0.20826571 0.08129474 
0.31350277 -0.58256068 0.17228514 0.08869773 
0.22145790 -0.60133011 0.20072667 0.20954825 
0.00281709 -0.14069799 0.02676691 -0.12129211 
0.22193197 -0.57698163 0.17948926 0.04730123 
0.26890021 -0.87997546 0.17529825 0.11415006 
0.56012165 -1.46978184 0.15838742 -0.12764637 
0.07048128 -0.23572623 0.10604207 0.05804028 
0.52486990 -1.02086843 0.05006225 -0.27915345 
0.66169505 -1.58967428 0.20213138 -0.31267460 
0.32774393 -0.65130566 0.26650374 0.11594695 
0.14913158 -0.56626409 0.16815467 -0.18703502 
0.37085820 -0.87035167 0.03979196 -0.22552735 
0.34919360 -0.89351102 0.27488435 0.02620979 
0.25612497 -0.81302512 0.16927606 -0.08911408 
0.35809505 -0.90027090 0.17955735 -0.11463325 
0.18039975 -0.34563345 0.01036780 -0.20498152 
0.16459686 -0.52870163 0.16240105 -0.15347780 
0.54528571 -1.43502283 0.22127235 -0.24777178 
0.60653471 -1.58308625 0.20357312 -0.16327703 
0.36711665 -0.53543274 0.23747724 0.06631577 
0.20427591 -0.59268397 0.21815434 0.09322353 
0.20219432 -0.62666843 0.22306392 0.20015849 
-0.04247497 -0.09977685 0.04467014 -0.12094276 
0.15682653 -0.40532819 0.18640493 0.06972727 
0.30711093 -0.72667040 0.27817712 0.13420169 
0.61358223 -1.33127609 0.28886813 -0.11974794 
0.10762272 -0.26821835 0.07191191 0.03410461 
0.52920958 -1.14366406 0.11501182 -0.24320985 
0.69977666 -1.68530414 0.11795358 -0.30490958 
0.27907357 -0.59665805 0.16897362 0.10083834 
0.18744963 -0.54376765 0.14846013 -0.18080024 
0.41502258 -0.78173982 0.11318592 -0.20650239 
0.26666557 -0.85331969 0.24023633 0.02603493 
0.38280454 -0.88665991 0.19511336 -0.10045056 
0.38725224 -0.95327482 0.15854661 -0.11203450 
0.12365183 -0.45091001 0.02733612 -0.16558732 
0.17020347 -0.55098738 0.13425020 -0.14524685 
0.55283693 -1.27967103 0.14461977 -0.21991703 
0.58035176 -1.38243458 0.22519903 -0.18425575 
0.21906415 -0.64074332 0.19071856 0.01100067 
0.24183039 -0.60703236 0.13364830 0.03564763 
0.29619607 -0.65408852 0.24031784 0.15232871 
0.03861507 -0.20755312 0.09305795 -0.10264541 
0.11864641 -0.55335727 0.15068872 0.03394923 
0.33851461 -0.86318326 0.24276556 0.08699489 
0.68536602 -1.33106494 0.07856290 -0.14892083 
0.10861543 -0.30765811 0.16579278 -0.00640223 
0.43301081 -1.05655150 0.11241534 -0.22490720 
0.72029417 -1.73292310 0.17662473 -0.31007520 
0.31942503 -0.78302179 0.25376155 0.05685059 
0.16706326 -0.42003047 0.09194165 -0.17621375 
0.28393985 -0.83973382 0.04888249 -0.20005366 
0.44200479 -0.76920178 0.16678839 -0.00231820 
0.35215000 -0.81080302 0.25697928 -0.11307840 
0.35982477 -0.83860179 0.10027531 -0.10254788 
0.17727000 -0.22337648 0.19181308 -0.16867500 
0.15704168 -0.53759812 0.15520095 -0.15758134 
0.60920031 -1.37277981 0.20676794 -0.20388216 
0.64465691 -1.52386411 0.17263807 -0.11543793 
0.23589574 -0.68337750 0.14194517 0.01295092 
0.16106325 -0.59298772 0.22216469 0.05936704 
0.26157957 -0.68367874 0.25683968 0.16679878 
0.07404548 -0.20727353 -0.01202647 -0.02426754 
0.18949121 -0.47463038 0.13575849 0.03969134 
0.39372057 -0.72983957 0.27114137 0.11947562 
0.58029300 -1.41163557 0.27962092 -0.09763641 
0.11186135 -0.32875961 0.06676744 0.03771015 
0.46367954 -1.16857281 0.14136190 -0.15103330 
0.68608024 -1.65012167 0.22488707 -0.23440188 
0.20574294 -0.60414464 0.19051587 0.08395793 
0.17632032 -0.44393843 0.04313273 -0.12874441 
0.30451827 -0.78949004 0.16474875 -0.11707618 
0.34545772 -0.74134608 0.30428436 0.03139885 
0.36384006 -0.85364373 0.21643661 -0.06018723 
0.35374704 -0.91915572 0.21268604 -0.04084181 
0.17347586 -0.39772948 0.13476865 -0.14064116 
0.14695466 -0.48102104 -0.04493448 -0.09917702 
0.56492092 -1.22260912 0.30076892 -0.12870589 
b1
6.82390644 -16.73082630 4.55083408 1.52750367 
w2
1.97313892
0.72591283
-3.43628180
9.73349368
b2
17.12382770
errfunc linear