nlayers 2
nin 380
nhidden 4
nout 1
nwts 1529
w1
-0.27233609 0.12735695 -0.28681920 -0.03744782 
0.28690869 0.01653168 -0.58934288 -0.10382513 
0.19397053 0.09458456 -0.33696150 -0.03069923 
-0.02646317 0.09335124 0.06512678 0.14841802 
-0.03434977 -0.00530126 0.29935832 0.13021829 
0.13188884 0.11430615 -0.08987187 0.02511437 
0.13939718 0.07805352 0.74287391 0.30247980 
-0.20055504 0.03992619 0.23009656 -0.01499725 
0.04062145 0.08988350 0.14287608 0.06549894 
0.00301878 0.07562702 0.03080327 -0.08311492 
-0.24681561 0.15493022 -0.03754113 0.15148812 
-0.09037528 0.21171672 0.13490775 0.08025662 
0.14283643 0.17212062 -0.20523553 0.06618424 
-0.19977370 0.06470742 0.30050108 0.11893757 
-0.09567112 0.03106966 -0.16086375 -0.10824950 
-0.12153091 0.00988400 -0.05510321 -0.04109999 
-0.17502305 0.07072647 0.12050856 -0.15043174 
-0.01114681 0.05745107 0.11817521 -0.02534287 
-0.02121790 0.07681762 -0.70767270 -0.09638649 
0.06389745 0.09676582 -0.22894832 -0.14254279 
-0.18193007 0.16830165 -0.16800732 0.10657971 
0.15379603 0.01392730 -0.21172823 -0.14660503 
0.16189867 0.07935792 -0.16651656 0.03404700 
0.03027368 0.07231789 0.08898289 -0.04956192 
0.04778402 0.08227071 0.05322125 -0.10922715 
0.05800107 0.12006199 -0.01640544 -0.06232759 
0.17583671 0.06101815 0.49521887 0.25473452 
-0.15581272 0.08627140 0.13509837 -0.06710635 
0.14312475 0.04947535 0.17601979 0.13320688 
0.07722305 0.11028252 -0.14040202 -0.00830192 
-0.32030087 0.11425039 0.18520052 0.04276649 
-0.03084329 0.05993521 -0.22977550 -0.13592046 
0.10094455 0.21016861 -0.21069469 -0.02033017 
-0.14569476 0.08808043 0.20809425 0.10279288 
-0.06966299 0.01875712 0.00264758 -0.00903876 
-0.22394931 0.16404686 0.06377376 -0.04073026 
0.00247076 0.09263751 -0.06696505 -0.10985389 
0.00323687 0.02607631 0.02497934 0.01745938 
-0.07678864 0.05217869 -0.40070598 0.07091540 
0.01574051 0.08161077 -0.07743734 0.01249290 
-0.08359781 0.13094311 -0.22921442 0.09368719 
0.13636400 0.10691957 0.07620132 -0.08109163 
0.12572611 0.06511628 -0.25622341 -0.10704855 
0.11314101 0.07704045 0.15329790 -0.18765791 
0.04130498 0.05490452 -0.10840670 -0.13119216 
-0.07112444 0.11789892 0.21808975 -0.05258576 
0.19076672 0.04002087 0.28143897 0.14307568 
-0.09195641 0.04127876 -0.11612275 -0.15663316 
0.15094071 0.15856480 0.00847101 0.10062964 
0.11560365 -0.01418002 -0.26217608 -0.00728731 
-0.32371127 0.12027828 -0.08259214 -0.01754331 
0.06469136 0.08300133 -0.08817200 0.05103024 
0.11870241 0.07205170 -0.04485220 0.10324485 
-0.15026054 -0.02638612 0.16975937 0.05170696 
0.01030741 0.01895583 -0.26130443 -0.10031387 
-0.17382058 0.10815143 0.18096573 0.14267335 
0.10689488 0.14897907 -0.31856420 -0.08237353 
-0.04406651 0.06281203 -0.10287689 0.01698758 
0.05038313 0.03036177 -0.29295127 0.18063525 
-0.07878627 0.16294094 0.06840910 0.05521981 
-0.08162847 0.13967014 -0.10493767 0.09958048 
0.15089418 0.07169955 -0.13442476 -0.13131105 
0.03437023 0.11234875 -0.14650546 -0.16245558 
0.08842264 0.06309432 0.37276091 0.07438373 
0.12812527 0.05403928 -0.18533230 -0.03196074 
-0.09347458 -0.01938310 0.28603532 -0.01999904 
0.15276776 0.01513064 0.20284656 0.18153183 
-0.10380916 0.07653075 -0.07216489 -0.25214249 
0.17120950 0.06653206 -0.03250765 0.05605121 
0.28928630 0.09113440 -0.24022713 -0.03678860 
-0.35995266 0.05307786 -0.00003657 -0.06142691 
0.05356918 0.14933395 0.15114006 0.01035688 
0.08031134 0.09362818 0.12844293 0.12848327 
-0.21401881 0.09690281 0.06813099 0.14564024 
-0.07803013 -0.05062584 -0.13649226 -0.13975541 
-0.05514545 0.09971192 0.06596883 -0.08677497 
0.03891481 0.02122593 -0.12951153 0.10688999 
-0.05657607 0.02508093 -0.11358452 -0.05188167 
-0.03477341 0.02985371 -0.06751085 0.15887597 
-0.22213300 0.11125071 -0.10930869 -0.02250497 
-0.08889216 0.06209590 0.01160498 0.13039621 
0.13922695 -0.11066635 0.11448996 -0.15350760 
0.02268330 0.10816830 -0.11975079 -0.22755089 
0.10291416 0.12497879 0.68462962 0.17604744 
-0.00678680 -0.00215565 -0.16566370 0.01645727 
-0.13002959 0.09462300 0.18320472 -0.07327149 
0.04741853 0.18866406 0.15017596 0.18586951 
-0.08866950 -0.11735363 0.10049386 -0.11019460 
0.21346173 -0.03839788 0.13848157 0.26486004 
0.12454739 0.05914787 0.01421921 0.06950264 
-0.35805117 0.07005073 0.25458757 0.01708717 
0.03854557 0.10757749 0.04087319 -0.09835007 
0.14715427 0.04902948 -0.06601292 0.01365949 
-0.25812734 0.08067372 -0.12040586 0.12206616 
-0.08408943 0.10317025 0.07052650 -0.24260473 
-0.12530282 0.15415868 0.13073283 0.05030297 
0.16384244 0.03158196 0.00312505 0.17024832 
-0.14919939 -0.05595517 0.06386351 -0.12178470 
0.01250280 0.08029101 0.05008269 0.05866733 
-0.17520636 0.06683466 0.01378774 0.00902590 
-0.06115893 0.03387138 -0.04632242 0.03414019 
0.09037984 0.13005863 0.37694077 -0.10767682 
0.02328538 0.06656313 0.13014594 0.04225466 
0.22331463 -0.04760265 0.55678988 0.01886852 
-0.06955071 0.07143846 -0.23457527 -0.03136073 
0.02027239 0.09756612 0.21043887 -0.08058583 
0.06598498 0.08879355 0.02448392 -0.01962812 
-0.11452140 0.02958356 0.00409824 0.00934856 
0.11711088 0.09564250 0.06706685 0.11706731 
0.07322232 0.15991136 -0.09955352 0.03191960 
-0.16837418 0.12076100 -0.00445669 0.06279389 
-0.03877686 0.15025514 0.38525795 0.02495007 
0.11447399 0.17995723 0.16274894 0.08041350 
-0.39200156 0.09539200 -0.04660570 0.07650741 
0.07136629 0.13016501 -0.11437238 -0.46020659 
-0.09391383 0.13730465 -0.00791619 -0.08605382 
0.19942767 0.07859562 -0.08271733 0.07455647 
-0.02073569 0.10988356 0.12314882 -0.08604454 
-0.05405048 0.01406030 -0.03180675 0.05248030 
-0.19833621 0.10947893 -0.11058357 -0.08939641 
-0.07410199 0.05297555 0.02333314 0.11119063 
0.24784574 0.06316487 0.10748899 -0.02556713 
-0.01264309 -0.01107151 0.06959233 -0.23362184 
0.26806803 0.09008596 0.41883282 -0.06426753 
0.08870656 -0.06417691 -0.59204575 -0.04584754 
0.18208892 0.09733911 -0.14219232 -0.11150332 
0.09614153 0.10757650 0.05928434 0.24571941 
-0.10576362 0.08074724 -0.13768564 0.01739063 
0.00007090 0.04806251 0.25185880 -0.10359101 
0.17281323 0.10200419 -0.30323685 0.03276237 
-0.29678150 0.04948366 -0.00549098 0.01637236 
-0.16943229 0.04294391 0.47307972 -0.03834581 
0.03585227 -0.06454757 0.34052795 -0.07785164 
-0.34913829 0.06312748 -0.13237108 0.03574515 
0.03256749 0.00370152 -0.03268773 -0.33535365 
-0.04247695 0.11407534 0.07640725 -0.21793574 
0.16752552 0.14770891 -0.29336953 0.01677015 
-0.08866523 0.12767615 0.21060930 0.05614051 
-0.02816859 0.09823713 -0.21353347 -0.06973600 
-0.13904734 0.04547458 -0.09419450 -0.09972712 
-0.17362900 0.11874188 -0.07159261 -0.05424520 
0.34241794 0.03435543 -0.05320003 -0.19780611 
-0.07103655 0.12002493 0.39760717 -0.19811502 
0.40250289 0.07720747 0.23790152 0.00133776 
0.06591269 0.03594153 -0.47725615 0.05962458 
0.08089705 0.06977022 -0.08622011 -0.16088182 
0.12926797 0.00402383 -0.12795483 0.05757863 
-0.03196613 0.09194023 0.03604694 -0.00585202 
-0.03600255 -0.00341601 0.25952443 -0.07283117 
0.19454557 0.11181229 -0.13520722 -0.15484219 
-0.42214171 0.06655894 0.27369102 0.00035634 
-0.16021695 0.01329185 0.34219581 -0.11247346 
0.11943355 0.06861816 -0.03892318 -0.16104809 
-0.35599782 0.07276253 -0.05700135 0.05225210 
-0.04986104 0.11666108 0.35806955 -0.10103272 
-0.01263099 0.10344955 0.22471539 -0.13063166 
0.17347238 0.09697374 -0.33138586 0.06365519 
-0.06802995 0.15625072 0.25031499 0.08043638 
0.01356358 0.07261203 -0.12743665 -0.14272283 
-0.10388433 0.00496755 -0.21835107 0.10095834 
-0.19895422 0.09832628 -0.06765361 0.06659226 
0.27609067 0.05571728 0.30143446 0.00666794 
-0.00541647 0.01869889 0.21922113 -0.15999492 
0.45385622 0.04318829 0.13094485 -0.09073385 
0.05735099 -0.03654041 -0.69863118 -0.04151249 
0.08463047 -0.00725883 0.05276046 -0.10233944 
0.21561192 0.04606847 0.20667111 0.02237054 
0.01351685 0.15454334 -0.01430299 -0.13924241 
0.08538233 -0.00953301 0.22202588 -0.19525183 
0.26690013 0.07988690 -0.50781460 -0.05570259 
-0.45604117 0.06019336 0.09066136 -0.14907228 
-0.02318908 0.13549019 0.57785659 0.14127912 
0.16008183 0.08920993 0.02530707 -0.13671387 
-0.38825005 0.15129191 -0.15852468 -0.03074630 
0.09944421 0.07388187 0.16746670 -0.12706436 
0.01046856 -0.00546486 0.14508741 -0.15158553 
0.16209706 0.10884102 -0.30327953 0.04745924 
-0.10007090 0.04496224 0.10711471 -0.04523857 
-0.07105413 0.08568845 0.06717357 -0.20448685 
-0.09811253 0.00075599 0.05943611 0.10189070 
-0.19362560 0.06527543 -0.16955712 0.02317976 
0.22326658 0.12296285 0.23883211 -0.27638591 
0.14848414 0.11302155 0.43414031 0.04452442 
0.39386301 0.02975573 0.04147415 -0.17200094 
0.02425501 -0.01927289 -0.59896397 -0.05358075 
0.05129038 0.06197620 0.17249424 0.01214626 
0.27099515 0.09569676 0.41935323 0.18645508 
0.07379751 0.03376693 -0.06636806 -0.21156730 
0.18499247 -0.00555644 0.39307551 0.02468226 
0.23518548 0.02711807 -0.63136043 -0.20832155 
-0.53747754 0.07411818 0.19123334 -0.00453498 
-0.00679630 0.08731854 0.37847864 0.03709404 
0.12969807 0.11821541 0.03052084 -0.10869441 
-0.62851779 0.03154389 -0.22230896 -0.05733007 
0.11883667 0.09683987 0.26415110 -0.22994615 
-0.01286315 0.08530628 0.02286590 -0.12849296 
0.12089940 0.06292108 -0.06306143 0.19709397 
-0.15797834 0.06429655 0.11855707 -0.07077820 
0.06031282 0.06110637 -0.04269298 -0.10109615 
-0.02524123 0.07810419 -0.00057764 0.04538421 
-0.24444734 0.15685678 0.04303452 0.03590737 
0.11774159 0.08515458 0.33022056 -0.09601123 
0.02764166 0.16224083 0.15829696 -0.16493651 
0.25895213 -0.00189527 0.32384678 -0.20812141 
0.03196501 0.02292557 -0.50629954 0.02683724 
0.02396552 0.11959745 0.36395414 0.04578958 
0.21453341 0.07761529 -0.08039857 -0.03435295 
0.09403803 0.07924537 -0.10475000 -0.21944351 
0.02744921 0.08223834 0.47521383 -0.17617062 
0.17884592 0.13267575 -0.51815132 -0.11814025 
-0.51557976 0.04630488 0.28863331 -0.00864464 
0.01981984 0.01565385 0.41771704 0.06829404 
0.19316217 0.06155896 -0.13216281 -0.13983631 
-0.58687729 0.15106986 -0.07328391 -0.02250100 
0.05211075 0.09582399 0.28130818 -0.03377222 
-0.11236507 0.10736927 0.13957703 -0.02625407 
0.08920669 0.02593659 -0.14804145 0.08976116 
-0.06799191 0.02939138 0.16766849 -0.12702423 
-0.00078472 -0.00854747 -0.17134701 -0.12128170 
-0.12342123 0.04468155 0.15865843 0.05968275 
-0.30114991 0.05925233 -0.02090304 0.08496218 
0.12512580 0.12365593 0.01741422 -0.02746196 
0.03217977 0.09352746 0.21277287 -0.12295345 
0.21474463 0.01777535 0.36994212 -0.05860074 
-0.02273703 0.04584480 -0.38661594 -0.01905247 
-0.00576804 -0.02962916 0.28438164 -0.02925754 
0.20841265 0.09753904 -0.01444196 0.02448584 
0.03915317 0.08219560 -0.10101037 -0.08824441 
0.01765684 0.13273193 0.35538555 -0.32552327 
0.15459798 0.11862723 -0.53624462 -0.05594081 
-0.50801307 0.07640221 0.43415338 -0.03404046 
-0.04876756 0.07092023 0.60874949 0.05675578 
0.19319462 0.17565415 -0.24891663 -0.05836415 
-0.50817029 0.00570630 -0.06619114 -0.00498214 
0.03426983 0.02000700 0.21087351 -0.04527791 
-0.04222611 0.08429928 0.23053504 0.05258668 
0.10705993 0.09173454 -0.16165864 -0.02016346 
0.03777322 0.13968971 0.15719862 -0.06041879 
-0.09648880 0.10444560 0.07896111 0.00943241 
-0.10626903 -0.02266479 0.17076001 0.15564270 
-0.27991551 0.01012338 -0.22432453 -0.14094646 
0.06306222 0.12049565 0.38210744 0.00970581 
0.17294154 0.01483493 0.22164936 0.11259788 
0.19462034 0.06277123 0.33797162 -0.13049187 
0.02060218 -0.01844101 -0.37057449 0.00118023 
0.16683280 0.04968512 0.10625548 -0.08122954 
0.03032517 0.04925610 0.10306738 -0.04231538 
-0.04696618 0.06818981 0.17696999 -0.03576664 
0.06417806 0.06246820 0.42385088 -0.15599674 
-0.02889565 0.06263460 -0.27403052 -0.18330657 
-0.34830625 0.15665234 0.19950315 0.05275780 
-0.07273706 0.01213394 0.52454350 0.06023619 
0.06769833 0.07065780 -0.04401314 -0.12326159 
-0.46295452 0.10818971 -0.11010972 0.05570351 
0.03912864 0.01664502 0.19745701 0.04200785 
-0.11633521 0.10146658 0.24493053 0.15202052 
0.05480373 0.15781223 0.00704158 0.03003808 
-0.00814564 0.12816997 0.08266169 -0.04363208 
-0.11421146 0.00608027 0.25906123 0.11554590 
-0.04688930 0.11415880 -0.01952795 0.22408738 
-0.25860839 0.10244296 -0.17166700 -0.02810284 
0.19960366 0.04393004 0.28623765 -0.14329814 
0.14156924 0.02789964 -0.10500194 -0.08587811 
0.11408657 0.01196310 0.67277985 0.16257371 
-0.04603008 0.03091426 -0.14215369 0.08133808 
0.13547067 0.03205574 -0.02723049 0.00162967 
0.11176983 -0.00911848 0.06755827 0.02814887 
-0.11657581 0.17812829 0.33670463 0.18927859 
0.05885275 -0.01380913 0.30570775 -0.22970661 
-0.16560601 0.11127844 0.03143127 -0.00800219 
-0.30065353 0.03147902 0.01697207 0.01081287 
-0.15415618 0.14503908 0.76044424 0.22631368 
0.04071005 0.11362335 0.16540463 -0.03230879 
-0.28702135 -0.05730918 -0.31240812 0.03587325 
0.01546980 -0.08049434 0.26470261 0.06728247 
-0.11820415 0.13104258 0.24983475 0.13085706 
0.11764060 0.07261924 -0.00365323 0.06224071 
0.07143085 0.03344529 0.05174973 -0.10519828 
-0.16597410 0.09662932 0.29192797 0.02556514 
0.02106311 0.16809147 -0.06419055 0.24421695 
-0.23252234 0.15677913 -0.24283565 -0.13843532 
0.19429089 0.01751499 0.43454152 0.02974259 
0.10318309 0.05737518 -0.14092387 -0.04692969 
0.04208477 0.08745843 0.59065618 -0.04818513 
-0.16269179 0.05253722 -0.17074296 -0.04706335 
0.00867399 0.04265175 0.04223520 0.00243547 
0.21892079 0.08325684 -0.08046347 -0.03045128 
-0.15033337 0.02327929 0.26817083 0.17182313 
0.08687530 0.05998726 0.14056825 -0.16031379 
-0.27501915 0.01170299 0.15676867 0.02431481 
-0.21749963 0.12146352 0.08100217 0.13813426 
-0.17060230 0.02165105 0.43150231 -0.05685262 
0.12798444 0.02603504 0.02819748 -0.22189424 
-0.33422471 0.13568120 -0.09870913 0.06485114 
0.06681580 0.09993448 -0.09278589 -0.09294941 
-0.14644979 0.15907430 0.28665932 0.05474671 
0.12963004 0.08882648 -0.14485381 -0.03426858 
0.05018709 0.12482923 0.08075009 0.01318924 
0.01236453 0.04840426 0.09779859 0.04626649 
0.11988324 0.07292549 -0.18239932 0.19682453 
-0.20154523 0.10272733 -0.16105960 -0.20272827 
0.34273335 0.00466556 0.15369992 -0.08724743 
-0.00482671 0.15645277 0.06468305 -0.18008068 
0.05978951 0.00957064 0.43344389 -0.25392933 
-0.20981060 0.06187648 -0.05727760 0.10820616 
0.01632068 0.04287438 -0.36813721 -0.12312206 
0.19313424 0.07493785 -0.08475986 0.07313506 
-0.01623881 0.07645541 -0.19301445 0.15898680 
0.13649515 0.05857850 -0.10263472 -0.22987389 
-0.39020118 0.19781852 -0.08202629 -0.03912995 
-0.13211503 0.08014677 -0.03586070 0.07911430 
-0.22286064 0.04018561 0.53055210 0.10466032 
0.27007291 0.11948028 -0.03185945 -0.02368146 
-0.34946945 0.07706608 0.09525081 0.00640940 
-0.00259388 -0.01372176 0.05386650 0.01871587 
-0.10832115 0.10617298 0.18780673 0.05979210 
0.04525161 0.09603807 0.04418213 -0.09544270 
0.07981569 -0.00043038 0.05055117 -0.08288837 
0.03278072 0.07159246 -0.16520777 0.12443466 
0.10986951 0.15281615 -0.07209831 0.17819461 
-0.21908421 0.05402794 -0.19298178 -0.12238722 
0.23428157 0.06286374 0.18262857 -0.02916349 
-0.04170784 0.06460069 0.21093758 -0.03555718 
0.11060268 0.02327753 0.21477868 0.00077669 
-0.16926329 -0.00148934 -0.20365066 -0.03242983 
0.02182327 0.07962886 -0.33631437 -0.02535390 
0.21849661 -0.01849434 -0.03202778 0.09626049 
-0.11127589 0.00798958 -0.18065863 -0.06389586 
0.12439029 0.01666543 -0.26184095 -0.30129709 
-0.45384869 0.00704577 0.08624615 -0.06356784 
-0.16378448 0.02494792 -0.10768666 0.13469332 
-0.17480745 0.07932866 0.50421199 -0.02965690 
0.21207868 0.08465397 -0.00181948 -0.02704053 
-0.33182961 0.06696116 0.10796740 0.01408179 
0.03731650 0.09982233 0.03134918 0.08493825 
-0.11581442 0.07999862 -0.16680790 -0.17869868 
0.07313212 0.14794497 -0.11221554 -0.24311989 
-0.00596156 -0.00001473 0.12830455 -0.09756920 
0.03328520 0.04971493 -0.31786134 0.00127214 
0.14960191 0.01539364 -0.29224982 0.02062292 
-0.21555491 0.10322343 -0.13614058 0.04243673 
0.21652335 -0.02004497 0.06688679 -0.03560801 
-0.08208730 0.01079666 0.03503598 -0.04504761 
0.04693117 0.04604323 0.24479536 -0.18532609 
-0.13512800 0.07199350 0.03723348 0.15827647 
0.03501295 0.03348964 -0.27208325 0.03984870 
0.25405239 0.10454405 -0.14941843 -0.03644050 
-0.12806149 0.07991337 -0.16296293 -0.17685560 
0.12785669 0.04774944 -0.18048377 -0.09688157 
-0.32495851 0.06140146 -0.27298285 -0.22489096 
-0.31441967 0.06060853 -0.28377103 -0.09237538 
-0.16881539 0.00915534 0.33965932 -0.01780148 
0.22052787 0.06543633 0.01142799 0.10231552 
-0.25773132 0.07446706 0.16948711 -0.02281636 
0.04964934 0.10945549 0.17236715 0.06178346 
-0.01140645 0.16149971 -0.21998459 -0.02471447 
0.02578158 0.05442623 0.00362656 -0.21954822 
0.02995926 0.11537821 0.05691642 -0.17751017 
0.11236923 0.00008839 -0.32716042 0.07189558 
0.21966400 0.10668925 -0.23723232 -0.01789355 
-0.16731414 0.03067897 -0.09952488 0.03465134 
0.15108845 0.03746354 -0.12813046 -0.03052137 
0.06479646 0.09055717 -0.32813630 -0.21252448 
0.07056018 0.04917862 0.26378261 -0.04799000 
-0.06549385 0.12986241 -0.07146852 0.16129482 
0.06320931 0.14715174 -0.33689342 -0.02852007 
0.17182082 0.16790502 0.04473046 0.23716995 
-0.18302567 0.06758621 -0.34587087 -0.21677184 
0.08343743 0.08627779 -0.02243663 0.04477649 
-0.18067177 0.08179891 -0.38672078 -0.10158879 
-0.40625026 0.06460412 -0.07929190 0.07021000 
-0.11400356 0.08604123 -0.08630774 -0.22851392 
0.21096584 0.04842272 0.04598864 0.14915103 
-0.18740026 0.05901284 0.14501322 -0.07544052 
0.03150850 0.12644942 0.26176556 0.18034325 
0.06237835 0.10531473 -0.31423996 -0.14222235 
-0.06556458 0.04958273 0.14673739 -0.09002360 
0.11908820 0.08317408 -0.17070490 -0.22552818 
0.05190123 0.01597540 -0.26305954 0.23240608 
0.28780773 0.03660526 -0.07446755 0.13095178 
b1
2.41457003 0.38128697 1.09147489 -0.30648540 
w2
4.55621643
5.55541783
3.96484598
-5.10797043
b2
5.41710303
errfunc linear