nlayers 2
nin 380
nhidden 4
nout 1
nwts 1529
w1
-0.04164060 -0.03675693 0.20720201 -0.22280377 
0.01230026 -0.00902086 0.13428699 0.01062159 
-0.00019474 -0.06380945 0.10775124 -0.15161341 
0.01859229 -0.11686229 0.11840684 -0.05584228 
0.01566386 -0.05829343 -0.03759143 -0.03773489 
0.02679970 0.03234596 0.07165155 -0.03002122 
0.05500580 -0.08895906 0.08492580 -0.23217804 
-0.03057089 -0.09006209 0.11594129 -0.07463066 
0.00503799 -0.02529381 0.06325770 -0.15446254 
0.05700910 -0.09445091 0.14733117 -0.06394926 
-0.06887636 -0.11502594 0.10103517 -0.11497014 
-0.06253918 -0.00913314 0.12596518 -0.13896281 
-0.03792048 -0.19276879 0.17302562 -0.20974022 
0.01545493 -0.13491083 0.12856836 -0.09773168 
-0.02320208 -0.11290027 0.04840576 -0.07147595 
-0.05231848 -0.12650132 0.07106042 -0.17090108 
-0.01058125 -0.20373835 0.18846714 -0.17933788 
-0.04761498 -0.09395108 0.05652464 0.04044674 
-0.08489306 -0.07335735 0.10658222 -0.12478147 
-0.05911607 -0.15679978 0.11628528 -0.14745011 
-0.03115959 -0.07026788 0.21399166 -0.15153690 
0.03162443 -0.04779377 0.06051431 -0.03261676 
0.00628318 -0.03930384 0.06835106 -0.09025578 
0.04160451 -0.01211781 0.15872397 -0.13535512 
0.00662906 -0.10771094 0.00718157 -0.06287042 
0.02306859 -0.08341765 0.03742753 -0.16280455 
0.05664739 -0.03313977 0.16398767 -0.07829998 
-0.03977011 -0.08588136 0.09372995 -0.10180700 
0.01904584 -0.05793191 0.16151870 -0.09084164 
0.05384953 -0.07190902 0.07720294 -0.12985063 
-0.05093484 -0.11263640 0.16038324 -0.22583779 
-0.04833389 -0.14934636 0.09896327 -0.15254932 
-0.04335146 -0.09713704 0.14774338 -0.08725811 
0.00616162 -0.10474504 0.07840741 -0.24885903 
-0.01037782 -0.04255638 0.05231350 -0.08579631 
-0.02915684 -0.17315217 0.20340390 -0.12623837 
-0.01939806 -0.10062094 0.09897498 -0.17408180 
-0.03837287 -0.01897094 -0.03901417 -0.07684446 
-0.07073092 -0.01723888 0.05333728 -0.13975164 
-0.04947719 -0.09973512 0.20737566 -0.20385806 
-0.01902134 -0.08684065 0.19214847 -0.15575706 
0.05317785 0.00341032 0.12451099 -0.17990734 
0.02403087 -0.15280352 0.00889319 -0.03621477 
0.07494273 -0.11555435 0.08551934 -0.06628263 
0.00160840 -0.02340782 0.15506895 -0.02515870 
0.00985687 -0.15537666 0.09152923 -0.12357132 
0.05072138 -0.02382872 0.11963217 -0.13772324 
-0.05128116 -0.11995628 0.14494303 -0.13914813 
0.03137952 -0.08520325 0.15560216 -0.06562077 
0.06750352 -0.24640871 0.21743695 -0.13647898 
-0.05356475 -0.18783243 0.12748628 -0.17450570 
-0.05162890 -0.00328574 0.08164488 -0.12565394 
-0.04478063 -0.08285507 0.16483437 -0.08776808 
-0.02034148 -0.19192730 0.15186850 -0.16352646 
0.01124301 -0.00689478 0.05757851 -0.19719210 
-0.01995618 -0.06769431 0.12567667 -0.28030461 
-0.02549462 -0.05769253 0.20945071 -0.18365277 
-0.04370878 -0.08371767 0.07133115 -0.19141168 
-0.04131590 0.00653685 0.08468238 -0.13794540 
-0.07088924 -0.13366222 0.11846235 -0.22676390 
-0.01463783 -0.14233168 0.11522125 -0.21237353 
0.05487358 -0.15367398 0.08385303 -0.03765904 
0.02140016 -0.04061235 0.03774105 -0.12332304 
0.09725941 -0.12475838 0.06783095 -0.07951191 
-0.01770131 -0.05580544 -0.01900093 -0.08678643 
0.00793186 -0.12189534 0.08876760 -0.19360352 
0.02046623 0.00696177 0.05283772 -0.00244536 
-0.04439133 -0.10370706 -0.06179149 -0.11467073 
0.01615675 -0.06392131 0.02770830 -0.12644535 
0.06812576 -0.12184614 0.25650964 -0.09159138 
-0.06249994 -0.07801177 0.13522231 -0.17154782 
-0.03711447 -0.05653001 0.14609362 -0.12496218 
-0.01807251 -0.02285148 0.15157344 -0.17479941 
-0.05533048 -0.02160246 0.06851191 -0.19952537 
0.00871491 0.01733911 0.09076266 -0.19006236 
0.00060904 -0.00099284 0.13094495 -0.15719816 
-0.02818778 -0.00481607 0.15615940 -0.14415670 
-0.04161497 -0.03496160 0.04640269 -0.09376633 
-0.00710988 -0.06426354 0.08840106 -0.17341511 
-0.07989597 -0.07447913 0.15114692 -0.24283954 
-0.01973560 -0.12835810 0.20686351 -0.10861605 
0.05544139 -0.18882642 0.10531134 -0.12261460 
0.02286716 -0.15609289 0.13528236 -0.13164136 
0.13085406 -0.09275499 0.12715859 -0.04328329 
-0.03636204 -0.00500956 0.07903933 -0.08888774 
0.01672416 -0.10481161 0.03001233 -0.16345428 
-0.00136738 -0.10879848 0.03011305 -0.13983549 
-0.03558148 -0.10460011 0.04215767 -0.05100583 
0.01907353 -0.05003660 0.12390660 -0.08022573 
0.04229509 -0.12035004 0.09171696 -0.10087942 
-0.06253364 -0.11360482 0.06464079 -0.14693032 
-0.00166845 -0.14209751 0.14100682 -0.08941829 
0.01009369 -0.05464154 0.09930818 -0.23418421 
-0.08308631 -0.12485240 0.10107104 -0.12730022 
0.02430757 -0.10545823 -0.00495547 -0.20160823 
-0.00782669 -0.06174912 0.09065962 -0.22357699 
-0.01555427 -0.11309578 0.12247329 -0.18203738 
-0.03420168 -0.15633009 0.13964805 -0.07448351 
0.01475210 -0.10779149 0.23249121 -0.11906162 
-0.07111075 -0.04651053 0.07892408 -0.20889434 
-0.02781780 -0.12532005 0.17779586 -0.08598604 
0.07738466 -0.05949425 0.08396168 -0.14154884 
0.03332425 -0.06941762 0.14875910 -0.08204672 
0.13928151 -0.14055829 0.07799734 -0.05573141 
-0.03840937 -0.00834505 0.02943989 -0.06353838 
0.04123527 -0.03123922 0.16337175 -0.06648014 
0.01719274 -0.11876195 0.03339523 -0.06108377 
-0.05144537 -0.16147568 0.15499641 -0.10953479 
0.03024252 -0.07713619 0.00317068 -0.03657331 
0.00727787 -0.08983193 0.05507717 -0.09899965 
-0.04507136 -0.10580062 0.16799548 -0.22305403 
0.00198207 -0.06153728 0.01453451 -0.14416372 
0.02144273 -0.19514698 0.14721208 -0.21682310 
-0.10645972 -0.11626991 0.11518634 -0.12287276 
0.04659506 -0.15769856 0.03881297 -0.07856410 
0.01204380 -0.17985438 0.13622505 -0.14667598 
-0.00876843 -0.10308972 0.06867280 -0.22630739 
-0.01814186 -0.04341335 -0.04011077 -0.09310906 
0.01467927 -0.02425790 0.09835490 -0.12661006 
-0.07833047 -0.05688810 0.10368244 -0.29577232 
-0.03531994 -0.19613742 0.17715043 -0.19667212 
0.08935411 -0.07192205 -0.07773755 -0.19653291 
0.04425732 -0.07751201 0.06348136 -0.07814329 
0.13093513 -0.06295565 0.19475286 -0.15992636 
-0.05902618 -0.09552392 0.10076833 -0.09154867 
0.05477026 -0.03130900 0.17395241 -0.15890025 
0.02520747 -0.04296462 0.02835199 -0.08957345 
-0.04903164 -0.16142922 0.04498497 -0.11175978 
0.03755678 -0.04092250 0.15293661 -0.15162676 
0.00288625 -0.08757542 0.11368508 -0.11601871 
-0.04761556 -0.08168426 0.19269901 -0.19500820 
-0.02660554 -0.07336888 0.06380497 -0.28678627 
0.03361894 -0.09807314 0.03146021 -0.14582740 
-0.11726434 -0.04073249 0.20486298 -0.04648442 
0.05868630 -0.03708586 0.05463792 -0.13846804 
0.01819784 -0.19609375 0.06409445 -0.19869988 
-0.00872337 -0.07916108 0.04004790 -0.12414009 
-0.02377342 -0.03090497 0.16537168 -0.09763978 
0.02078860 0.01540532 0.02067708 -0.19034285 
-0.06423002 -0.02857499 0.16781942 -0.15558961 
-0.04100527 -0.01759289 0.22903009 -0.11175988 
0.08542650 0.00221507 0.20816021 -0.09435450 
0.05309838 -0.06211603 0.07609415 -0.22304164 
0.13598780 -0.05200986 0.06709481 -0.16164566 
-0.06291841 -0.02273601 0.18660447 -0.11398443 
0.03775145 -0.17217278 0.17965183 -0.14915510 
0.01646733 -0.03767953 0.03784375 -0.20382314 
-0.02594989 -0.11996928 0.10387126 -0.13669996 
0.04724395 -0.04669779 0.18044659 -0.10455026 
0.00810228 -0.11320571 0.11364671 -0.20733612 
-0.03935585 -0.09079218 0.14296895 -0.19670505 
0.00300141 -0.06944606 0.10547048 -0.15151989 
0.04027260 -0.08787359 0.10559673 -0.22413552 
-0.12405750 -0.10655084 0.10673106 -0.07865411 
0.07609783 -0.06373379 0.16487799 -0.19312379 
0.02633157 -0.18438321 0.19029555 -0.20556102 
-0.01165008 -0.19362508 0.06556466 -0.19136173 
-0.00897741 -0.06067224 0.09289845 -0.12378418 
0.03426263 -0.07559806 0.16738014 -0.16845271 
-0.04553605 -0.17956491 0.12870278 -0.02582474 
-0.06319384 -0.10162945 0.16473917 -0.21661004 
0.08554665 -0.03277139 0.12907081 -0.01308757 
0.05617902 -0.02084544 0.13302616 -0.15778026 
0.16242669 -0.00363591 0.06467021 -0.16231227 
-0.08012526 -0.05287401 0.07160329 -0.07899962 
0.03604332 -0.14312877 0.07740186 -0.11386394 
0.04129446 -0.16397271 0.10724991 -0.04839643 
-0.01332602 -0.01649897 0.11174991 -0.08752809 
0.06499288 -0.11739789 0.00858205 -0.08805945 
-0.01253405 -0.06373185 0.06757522 -0.16185929 
-0.05228586 -0.08443224 0.09205040 -0.07225788 
0.04261561 -0.17578317 0.10038815 -0.05691662 
0.04460577 -0.19081884 0.13715240 -0.20588542 
-0.15208175 -0.06494337 0.14980841 -0.04998059 
0.11661841 -0.05079657 0.09060983 -0.05880766 
0.03718355 -0.16053255 0.14484711 -0.14784613 
-0.01313005 -0.14178530 0.12014294 -0.17785814 
-0.01706470 -0.09513065 -0.09374281 -0.05559184 
0.05624147 -0.12113095 0.11720308 -0.06918688 
-0.02413890 -0.09768670 0.04649037 -0.14605476 
-0.08854486 -0.07296401 0.20228951 -0.15972615 
0.10243210 -0.22436896 0.07891346 -0.18747307 
0.09177586 -0.12620307 0.04467147 -0.11954251 
0.19734526 -0.03263977 -0.01513939 -0.12734079 
-0.09252559 -0.04489910 0.03692215 -0.08522150 
0.06693607 -0.14437770 0.11115226 -0.11028021 
0.03696371 -0.06665825 0.12034594 -0.08425837 
0.00779272 -0.09568075 0.12381142 -0.02093906 
0.07329966 -0.10847509 0.15986313 -0.14981154 
-0.03030574 -0.05240304 0.14121392 -0.12947782 
-0.08008808 -0.00544538 0.08591999 -0.22584160 
0.06976008 -0.11608291 0.12288190 -0.12470795 
0.04929434 -0.20534747 0.00191680 -0.19226031 
-0.18212513 -0.09510557 0.11126375 -0.17038378 
0.13119296 -0.09295849 0.07498480 -0.05485609 
0.04762748 -0.16533650 0.19131048 -0.19906794 
-0.01172834 -0.09559957 0.02429106 -0.12119882 
-0.01724861 -0.12149603 0.03222444 -0.12630420 
0.07101768 -0.15205392 0.16948099 -0.12229949 
0.00059879 -0.07259682 0.17136618 -0.11329626 
-0.07646013 -0.12262868 0.06217612 -0.18288826 
0.07525718 0.00825184 0.04772006 -0.02470869 
0.07635837 -0.15040383 0.18938925 -0.02995743 
0.14743235 -0.09495348 0.20427529 -0.11957103 
-0.08593632 -0.03168566 0.00449819 -0.08600097 
0.06157771 -0.10960668 0.05182107 -0.04947950 
0.01156698 -0.08330352 0.07412883 -0.09529141 
-0.00657331 -0.05059807 0.06868419 -0.22715028 
0.03906544 -0.13857405 0.09241100 -0.14366648 
-0.02470507 -0.14615765 0.17022530 -0.08319052 
-0.06316070 -0.00974356 0.10276387 -0.10392079 
0.05298276 -0.12531136 0.02835097 -0.17501325 
0.05309858 -0.07828271 0.14976442 -0.19939910 
-0.16562681 0.01692365 0.10813654 -0.16755223 
0.10674750 -0.09747300 0.09470553 0.01905150 
0.03987782 -0.07646665 0.10548818 -0.16869833 
-0.01582855 -0.06395099 0.13110337 -0.11269420 
0.00809569 -0.05110494 0.05981908 -0.13629242 
0.06464694 -0.13066830 0.10657540 -0.11392369 
0.00183289 -0.05755238 0.17962164 -0.11485371 
-0.09886317 -0.11460761 0.15913044 -0.12566229 
0.05986184 -0.10373898 0.15374993 -0.16304150 
0.06108749 -0.12282396 0.18485071 -0.11258753 
0.13357089 -0.04599707 0.02306119 -0.05445651 
-0.06915354 -0.09325199 0.04662673 -0.12196798 
0.07657228 -0.07018899 0.06201074 -0.04313982 
-0.00746355 -0.05691038 0.07096727 -0.04327848 
-0.01083434 -0.06263040 0.12448473 -0.13474925 
0.01355923 -0.09873004 0.13814479 -0.16444974 
-0.05012785 -0.03893651 0.12247885 -0.12259493 
-0.04398816 -0.02848634 0.18224390 -0.06468724 
0.04796788 -0.07609626 0.21395467 -0.05168996 
0.03927910 -0.06915435 0.08931513 -0.16517790 
-0.14981259 -0.12609703 0.08543589 -0.10208353 
0.09515560 -0.10697581 0.10362733 -0.17535142 
0.05534791 -0.12507282 0.11431931 -0.17000896 
0.00419779 -0.18015296 0.19506743 -0.00988467 
0.01500565 -0.07447788 0.08497147 -0.05762171 
0.05829052 -0.06434881 0.13052990 -0.08551297 
0.00904164 -0.08081354 0.23896464 -0.12155573 
-0.09375821 -0.15946291 0.07730546 -0.20981443 
0.07541445 -0.02784518 0.11648421 -0.14380761 
0.06054928 -0.10375196 0.11371958 -0.07742529 
0.14551070 -0.12186265 0.06391392 -0.06327117 
-0.08943944 -0.00069161 -0.04079672 -0.10345412 
0.09498552 -0.02601160 0.12788114 -0.15349765 
-0.02931774 -0.08808980 0.04945371 -0.04646510 
-0.01518376 -0.13539913 0.14206690 -0.08303098 
0.02642735 -0.19437186 0.11999906 -0.05709734 
-0.07902970 -0.27600056 0.20734913 -0.17751190 
-0.05313932 -0.10519738 0.13861327 -0.11444004 
0.03609958 -0.09147115 0.13146073 -0.07512573 
0.04521251 -0.00882708 0.17057313 -0.12522468 
-0.14762455 -0.17067806 0.17414061 -0.09426915 
0.08081957 -0.07776638 0.04239828 -0.11250172 
0.03464855 -0.13010299 0.14440577 -0.06526155 
0.02128083 -0.10807880 0.12922382 -0.14132568 
0.01019800 -0.04997669 0.04072768 -0.19114882 
0.05940245 -0.08507032 0.08984570 -0.05071342 
0.01462510 -0.16600810 0.07172665 -0.11708657 
-0.08443988 -0.14195993 0.18334667 -0.10076637 
0.07698769 -0.02916263 0.03253858 -0.12209090 
0.04561086 -0.15276501 0.12473440 -0.01784991 
0.13950455 -0.04380891 0.10377531 -0.10396120 
-0.08246492 -0.12032185 -0.00684863 -0.07099390 
0.07771875 -0.12717694 0.01197790 -0.08111497 
-0.03518767 -0.08668205 0.08597474 -0.18918214 
-0.01235571 -0.04926669 0.06753901 -0.12665882 
0.01750064 -0.12845075 0.16732253 -0.06193429 
-0.08309142 -0.11099838 0.16609323 -0.10449827 
-0.07484839 -0.13537493 0.11416146 -0.19310858 
0.02815817 -0.07752519 0.12892569 -0.08886602 
0.03967063 -0.06361953 0.18703298 -0.16185593 
-0.11907510 -0.00781976 0.11858304 -0.10391055 
0.06090751 -0.06500442 0.04421496 -0.02793209 
0.01466883 -0.06057647 0.17549924 -0.11696701 
0.03526248 -0.16536269 0.14917040 -0.20652525 
0.01824444 -0.03728167 0.12990139 -0.07552698 
0.05129581 -0.06840466 0.21252380 -0.13601362 
0.01862131 -0.08283992 0.04882702 -0.22635364 
-0.08852546 -0.16177340 0.20846132 -0.07320286 
0.05258125 -0.11372366 0.09678817 -0.07194275 
0.03159990 -0.12729681 0.09635262 -0.07332611 
0.09763265 -0.17051073 0.01567425 -0.09409458 
-0.06710632 -0.06506757 0.03449063 -0.02977347 
0.04621513 -0.02258617 0.04931251 -0.17269478 
-0.02363703 -0.10143160 0.00038013 -0.11362398 
-0.02377156 -0.08563083 0.09495857 -0.12516254 
0.00835978 -0.05980362 0.04801768 -0.03378589 
-0.08690167 -0.02505761 0.14158717 -0.21071871 
-0.05916319 -0.17222382 0.09841148 -0.12069713 
0.02906918 -0.01787124 0.06205690 -0.08863432 
0.03214132 -0.14391112 0.15371552 -0.27523229 
-0.09623815 -0.15356403 0.14571042 -0.17331751 
0.04086684 -0.08039371 0.04954574 -0.10098555 
0.01200921 -0.18864047 0.08945934 -0.06100057 
0.02973546 -0.09951474 0.03186041 -0.13882722 
0.02073916 -0.06347553 0.08082422 -0.06175607 
0.02770122 -0.07123030 0.15179738 -0.09669460 
0.01839897 -0.17723301 0.12886176 -0.18188275 
-0.08032083 -0.11551987 0.07256598 -0.21597130 
0.03728565 0.01098201 0.11948929 -0.10671754 
0.04492415 -0.10686468 0.11127937 -0.08645743 
0.07468962 -0.09514879 0.08540483 -0.09635954 
-0.06367267 0.01446861 0.03658783 0.01723175 
0.03075007 -0.11332224 0.08760293 -0.15480208 
-0.01682997 -0.00844289 0.15173103 -0.08976018 
-0.03454673 -0.04435976 0.24172411 -0.13532197 
-0.00647384 -0.13485929 0.10822945 -0.10354290 
-0.10332650 -0.04335188 0.12378559 -0.06890920 
-0.07267815 -0.11610870 0.21749907 -0.18180740 
0.02554550 -0.07980404 0.10948785 -0.05184123 
0.03828204 -0.06049573 0.08812015 -0.22641516 
-0.08355049 -0.18007537 0.14827992 -0.09281150 
0.01957090 -0.02919182 0.12205292 -0.11779240 
-0.00077453 -0.11790726 0.13543917 -0.17996435 
0.01879418 -0.16409488 0.18636673 -0.17034992 
0.02320235 -0.06679945 0.11154660 -0.08018111 
0.00671363 -0.11248037 0.09541756 -0.11498668 
0.03118192 -0.14338586 0.18301637 -0.13379229 
-0.07553666 -0.11377449 0.09301089 -0.16958658 
0.02347030 -0.00013549 -0.03950233 -0.07538962 
0.03495829 -0.00713918 0.07558328 -0.16481026 
0.09141222 -0.02109013 0.10778768 -0.13143567 
-0.07255395 -0.08135718 -0.04398069 -0.10158934 
0.03772529 -0.16500366 0.16623477 -0.14197619 
-0.02411767 -0.12440589 0.16877842 -0.13493036 
-0.02478383 -0.00384894 0.07973057 -0.09551694 
-0.03556435 -0.01007634 -0.00334798 -0.02858440 
-0.09291209 -0.08834029 0.09535869 -0.16751210 
-0.09586581 -0.07976341 0.02695647 -0.11637682 
0.03105710 -0.08885639 0.09890552 -0.11444804 
0.02815186 -0.11323804 0.10551235 -0.21549154 
-0.06933248 -0.08620108 0.06614994 -0.15825562 
0.02343208 -0.07194983 0.01926990 -0.16160611 
-0.02440781 -0.10254146 0.18943175 -0.11809354 
0.02144437 -0.08984666 0.04596737 -0.11085469 
0.01899483 -0.05202717 0.02276688 -0.10081234 
0.01653584 -0.02920951 0.03899707 -0.04838799 
0.03971236 -0.12833672 0.16904840 -0.09140935 
-0.05689010 -0.09358667 0.12209211 -0.24792264 
0.01313455 -0.08899105 0.10700254 -0.13238255 
0.01081990 -0.12416586 0.12122218 -0.15859595 
0.10139110 -0.05753367 0.10663910 -0.07853097 
-0.06406500 -0.08531923 0.04345798 -0.17425619 
0.01626454 -0.12045529 0.11642407 -0.20107489 
-0.02318910 0.07090089 0.09590399 -0.05557478 
-0.02982885 -0.12909222 0.17064859 -0.11328252 
-0.02577290 -0.07154530 0.16370795 -0.14902799 
-0.06708694 -0.08585297 0.12438706 -0.10454453 
-0.11668758 -0.07160104 0.01699438 -0.20147406 
0.02329751 -0.09444639 0.08267934 -0.13081261 
0.03859057 -0.09869872 0.12873280 -0.18242082 
-0.03876578 -0.10588392 0.11863991 -0.24087900 
0.01565133 -0.09698973 -0.00436519 -0.09397312 
-0.03544487 -0.13997436 0.15820166 -0.14669070 
0.02584795 -0.12610537 0.08467756 -0.05854655 
0.02587565 -0.08973612 0.09607859 -0.09160739 
-0.00411053 -0.08143897 0.07553520 -0.09471769 
0.04064021 -0.10433081 0.15019765 -0.13071341 
-0.04107375 -0.04520916 0.13049167 -0.16439865 
0.00712494 -0.01954548 0.04945986 -0.08650605 
0.00393375 -0.11882327 0.12960559 -0.09158361 
0.10577482 -0.10438158 0.10114284 -0.10157114 
-0.04445254 0.01796066 0.10314398 -0.06229295 
0.00407517 -0.04401828 0.10689278 -0.07454161 
-0.03483952 -0.05222028 0.17678181 -0.03230346 
-0.03559810 -0.01097679 0.03145543 -0.09982519 
-0.02419978 -0.22349447 0.06516056 -0.12766957 
-0.04695457 -0.15470480 0.28457400 -0.16248297 
-0.13293075 -0.13938868 0.13994624 -0.11985345 
-0.00129409 0.00093120 0.11377750 -0.13719848 
0.04288794 -0.04721625 0.02724723 -0.18273601 
-0.00942611 -0.10383604 0.19036627 -0.06190674 
0.00031070 0.02621251 0.01228786 -0.05097867 
-0.02996185 -0.13370455 0.13128455 -0.07343499 
0.02479901 -0.05314146 0.01066413 -0.10044787 
0.01060858 0.05567653 0.09307319 -0.07784256 
-0.02236970 -0.13269726 0.04105347 -0.04501592 
0.03521149 -0.11612001 0.15210508 -0.05063930 
b1
0.60524655 -0.34660267 0.34083426 -0.44329229 
w2
9.65439280
-3.85753391
3.73867964
-3.89093790
b2
4.04447892
errfunc linear