nlayers 2
nin 380
nhidden 4
nout 1
nwts 1529
w1
-0.30778423 -0.22071371 0.29520914 0.04713699 
-0.13542469 -0.10606195 0.11557572 -0.02175632 
-0.17186559 -0.06913012 0.05064284 -0.06524765 
-0.06699718 -0.16386708 -0.01522130 -0.13343808 
-0.08755950 -0.07451126 0.02758030 0.04523972 
-0.07210156 -0.07024743 0.06180847 -0.05921845 
-0.12583765 -0.07661326 0.10901522 -0.13738112 
-0.33892958 -0.09927740 0.13740672 0.04133435 
-0.06609156 -0.10670549 0.02123556 0.04239588 
-0.15940358 -0.20600122 0.12139021 0.06542271 
-0.35368663 -0.18765920 0.23470548 0.08318937 
-0.08908658 -0.06897536 0.10977136 -0.03476070 
-0.18805022 -0.07899100 0.09692145 0.01192055 
-0.24269801 -0.16662075 0.17052596 0.09589243 
-0.20589384 -0.12229658 0.10736385 -0.05752000 
-0.21292932 -0.13060469 0.15332974 -0.02017458 
-0.13311987 -0.07533300 0.12289778 -0.00565489 
-0.00388823 -0.04506156 0.03910885 0.10462720 
-0.13724034 -0.09857903 0.11272559 0.03467626 
-0.38523679 -0.11660979 0.12867961 -0.00067557 
-0.36408697 -0.31054511 0.20240035 0.08173707 
-0.27781028 -0.09885770 0.07481499 -0.00392619 
-0.22453162 -0.11177723 0.09549902 -0.04915779 
-0.15583773 0.06368989 0.02163727 -0.11450016 
-0.02264409 0.02542488 0.02427184 0.06057905 
-0.03977022 -0.11642701 0.01196651 -0.04687216 
-0.23211981 0.03523253 0.07276485 -0.11903852 
-0.24834468 -0.18693152 0.20088387 0.08034607 
-0.01117724 0.01702222 0.06288807 0.08443594 
-0.31271332 -0.11030721 0.16906145 0.11958406 
-0.34797634 -0.22287306 0.33951388 0.15301854 
-0.13982176 -0.10187488 0.06001343 -0.01727499 
-0.19263942 -0.09042018 0.04487123 0.05207027 
-0.24240698 -0.12257194 0.02424262 0.14467542 
-0.11848720 -0.08367173 0.15660391 -0.04863531 
-0.18917560 -0.13565360 0.16625899 0.01526868 
-0.12597905 -0.11281961 0.13251775 0.04338905 
-0.13942299 -0.01434723 0.05266316 0.17069143 
-0.14065186 -0.13434531 0.06935857 0.08223866 
-0.30287752 -0.18227097 0.22649251 0.07103893 
-0.32129207 -0.32069584 0.29592568 0.02243750 
-0.24369808 -0.09662363 0.10897990 -0.09123453 
-0.24431007 0.00128197 0.04242756 -0.15331361 
-0.24693854 -0.04431898 0.13398609 -0.20610364 
-0.06527182 -0.00129525 0.03994344 -0.02069039 
-0.13512898 -0.06706686 0.05302378 -0.13366649 
-0.16558779 0.00145634 0.09611801 -0.21429767 
-0.31414064 -0.18841284 0.11605314 0.00253468 
-0.05789918 -0.01580890 0.04090505 -0.01624122 
-0.25179349 -0.14209393 0.10559453 0.07802116 
-0.40697090 -0.21015631 0.23648196 0.10426550 
-0.15739942 -0.05164662 0.09686991 -0.10716168 
-0.03920190 -0.04341658 0.05689971 0.00393131 
-0.23878026 -0.16231133 0.17323695 0.09606075 
-0.25372578 -0.17459231 0.11420244 -0.15579454 
-0.24839300 -0.10465779 0.09423541 -0.06522369 
-0.18957849 -0.08038520 0.09154718 -0.02393431 
-0.09782427 -0.03076016 0.01600836 0.11064646 
-0.17467228 -0.05265527 0.15216427 0.00972887 
-0.27745487 -0.19413103 0.28103531 0.02233617 
-0.29749634 -0.17693536 0.22657167 0.08935083 
-0.08097034 -0.10606842 0.07485378 -0.02759016 
-0.12168294 -0.05272965 0.07998063 -0.07001889 
-0.09538269 -0.00244117 0.03248301 -0.14982113 
-0.05566456 0.07679142 0.06840114 0.09322558 
-0.14051904 -0.07643616 0.11123551 -0.07038151 
-0.09709164 -0.19679109 0.21663264 -0.12917289 
-0.36916729 -0.22974986 0.29714518 0.06814831 
-0.08107427 -0.01325052 0.05534863 0.03427656 
-0.26682235 -0.15763804 0.23483625 0.17696822 
-0.39051286 -0.25463859 0.25296607 0.19702834 
-0.09788721 -0.10268952 0.11862903 -0.05455144 
-0.10329404 -0.06368889 0.18831195 0.08713402 
-0.22228985 -0.09517599 0.07476929 0.18645695 
-0.14514786 -0.13725359 0.03397114 -0.09731010 
-0.12818351 -0.13520739 0.02733104 -0.01490381 
-0.21364367 -0.09135861 0.08349510 0.04350223 
-0.10378390 -0.01681177 0.05992723 0.19385272 
-0.10214262 -0.05437429 0.08731701 0.08320360 
-0.38203633 -0.14666354 0.16921233 0.09726365 
-0.35385817 -0.20942258 0.23341115 0.08627857 
-0.23803525 -0.03740860 0.04268900 -0.06452049 
-0.02916587 -0.08788848 0.11339464 -0.10637796 
-0.12429976 0.02575261 0.09098084 -0.23661243 
-0.00156489 -0.03087075 -0.00081383 0.09623087 
-0.14179166 -0.07047001 0.11725770 -0.12582480 
-0.20163772 -0.06433618 0.09085356 -0.16856240 
-0.35321790 -0.19262944 0.25795591 0.04883580 
-0.07390640 -0.09312844 0.06991788 0.01951515 
-0.30602890 -0.15169946 0.20276978 0.20562021 
-0.40915505 -0.21049140 0.30903296 0.19551071 
-0.18430622 -0.11041764 0.07160970 -0.08962449 
-0.15438764 -0.10282579 0.18548823 0.08058885 
-0.19507924 -0.09250877 0.08546970 0.20238409 
-0.12410437 -0.15678402 0.02841788 -0.14553129 
-0.31243872 -0.18554106 0.08435840 -0.02348768 
-0.17243994 -0.13451719 0.16396903 0.01704190 
-0.05103002 0.04436531 -0.03398751 0.20196372 
-0.15032015 -0.03276498 0.09853837 0.07347130 
-0.23758565 -0.12116531 0.15325815 0.11765278 
-0.37925499 -0.34166206 0.09009541 0.04421533 
-0.15555496 -0.19097646 0.09716488 -0.18283370 
-0.10503837 -0.09376480 0.06575573 -0.21959812 
-0.21487374 -0.13305798 0.12816981 -0.34803392 
-0.10328049 -0.11248319 -0.08033566 0.02435215 
-0.12321569 -0.03846708 0.08806144 -0.25197372 
-0.21375424 -0.15553212 0.14557178 -0.28781076 
-0.22922789 -0.18570121 0.21949765 -0.00153879 
-0.07622903 -0.02889837 0.02815665 -0.05172978 
-0.30237913 -0.16104449 0.14277513 0.18916670 
-0.48447825 -0.18528696 0.24502326 0.17188338 
-0.14467473 -0.15710669 0.06056344 -0.18075176 
-0.09612550 -0.10741269 0.08844120 0.03619095 
-0.30122779 -0.15643336 0.06539117 0.17531209 
-0.23041021 -0.08693643 0.10843890 -0.22722572 
-0.29664662 -0.14424214 0.13158903 -0.08640810 
-0.17066254 -0.10973201 0.10432322 -0.04175991 
-0.15078851 -0.07841079 0.02241339 0.16633214 
-0.16818637 -0.13332041 0.08076744 0.02887055 
-0.26581360 -0.14939902 0.17443654 0.10998101 
-0.35642239 -0.17051282 0.26176904 0.07315860 
-0.17451983 -0.16385485 0.09938872 -0.16929934 
-0.09057236 -0.07570833 0.06500585 -0.21238253 
-0.10876024 -0.11455995 0.11610158 -0.31084049 
-0.05837112 0.05605775 0.03225698 0.08666829 
-0.10113606 -0.12482605 0.04370777 -0.24234038 
-0.26359274 -0.02553746 0.11312170 -0.25214833 
-0.16267276 -0.24502788 0.25147759 0.02964668 
-0.06821905 -0.07127562 0.04309427 -0.04608753 
-0.18601910 -0.16854206 0.14872265 0.23590145 
-0.41801404 -0.20711664 0.13410870 0.20953016 
-0.11651317 -0.12731117 0.18751070 -0.16337947 
-0.08198818 -0.11267773 -0.02690326 0.07886659 
-0.23064919 -0.08672084 0.15932280 0.20668496 
-0.21401945 -0.15369511 0.15389735 -0.22136285 
-0.06663998 -0.15240836 0.10710949 -0.07372546 
-0.18538934 -0.18549211 0.08666345 -0.00640894 
-0.11068647 -0.04076080 0.02621083 0.18591682 
-0.06467784 -0.09775087 0.09989111 0.08620239 
-0.28862597 -0.16801846 0.16641862 0.15699648 
-0.31693956 -0.26856634 0.15883446 0.27468314 
-0.20976717 -0.10900648 0.14919206 0.03470497 
-0.13027234 -0.11193011 0.14224531 -0.01075257 
-0.23397343 -0.07407763 0.03937738 -0.10192839 
-0.03097356 0.01109324 0.08590723 0.31032578 
-0.03935909 -0.05180291 0.00480973 -0.05968102 
-0.18704564 -0.20423610 0.04769063 -0.05771628 
-0.35212740 -0.18159725 0.06752069 0.22097992 
-0.14547196 -0.08289088 0.08640476 0.14626249 
-0.28690170 -0.12211029 0.17931478 0.43925153 
-0.45136242 -0.25537829 0.31048803 0.41021070 
-0.22332155 -0.11295244 0.00184648 0.03797563 
-0.05899237 -0.00303881 0.13802549 0.26240854 
-0.32030003 -0.12619977 0.18302592 0.40186428 
-0.25144101 -0.12896901 0.14931301 -0.02861740 
-0.28151093 -0.10696998 0.12843496 0.12987065 
-0.25760661 -0.10384828 0.04738991 0.20726658 
-0.01909625 -0.09146366 0.05926269 0.37810651 
-0.16231409 -0.10437666 0.12289673 0.29964870 
-0.33703242 -0.27252501 0.19730289 0.35691913 
-0.33892250 -0.15950617 0.23363174 0.08666287 
-0.28992674 -0.20973477 0.03931352 -0.20317078 
-0.14166985 -0.03972250 0.07658451 -0.25629386 
-0.18127095 -0.03353523 0.10584714 -0.36453741 
0.05232337 0.00676370 0.02812696 0.16004346 
-0.14135703 -0.11866323 0.05241699 -0.28516277 
-0.10878817 -0.17768295 0.10496667 -0.30074253 
-0.43139807 -0.12040156 0.14703824 0.01871414 
-0.11685680 -0.08923907 0.08347461 -0.06524467 
-0.25595804 -0.17654587 0.15546068 0.26685220 
-0.38877390 -0.15137488 0.16393480 0.24748641 
-0.09372894 -0.14220390 0.11249121 -0.21027036 
-0.20356655 -0.08103642 0.06782240 0.09954435 
-0.24755289 -0.13935791 0.10305196 0.25158859 
-0.14564798 -0.23947615 0.07863408 -0.25826064 
-0.20186045 -0.19893877 0.08380922 -0.07874155 
-0.23020545 -0.13962611 0.10915150 0.02278841 
-0.12001727 -0.03707054 0.09117826 0.22573737 
-0.10967780 -0.11176741 0.10767045 0.10469017 
-0.19990255 -0.20708228 0.19730093 0.18317346 
-0.42224843 -0.25463108 0.23357768 0.06317294 
-0.20617106 -0.20114494 0.11594592 -0.31539395 
-0.20429557 -0.05846723 0.03492172 -0.37854199 
-0.19379250 -0.00242955 0.10960626 -0.46313377 
-0.00322934 -0.06618526 0.04639329 0.12912231 
-0.21239430 0.00317968 0.13752368 -0.36963552 
-0.24702248 -0.09824143 0.07395277 -0.40047325 
-0.28450017 -0.28905678 0.27122916 -0.03446286 
-0.02861633 -0.04551807 0.11964273 -0.10697280 
-0.21191896 -0.15651076 0.11194093 0.27202032 
-0.33728913 -0.19264281 0.22354086 0.25953456 
-0.30517112 -0.10998622 0.10195258 -0.30151669 
-0.14448911 -0.09530969 0.08645137 0.09272205 
-0.30006847 -0.07676026 0.14023365 0.24719904 
-0.20451016 -0.09782738 0.10837592 -0.28839020 
-0.24295434 -0.16024467 0.09434666 -0.14141729 
-0.29953332 -0.16370153 0.16290215 -0.01435549 
-0.09655127 0.00489386 0.04348164 0.21753973 
-0.18389863 -0.06541247 0.15253016 0.09988020 
-0.27471544 -0.21221608 0.20661272 0.17719275 
-0.35748553 -0.21426561 0.21488792 0.14775931 
-0.23236511 -0.06218538 0.04452129 -0.16401814 
-0.18774456 -0.08161180 0.10741780 -0.23557575 
-0.17516201 -0.02455003 0.13036064 -0.29463199 
0.00826768 -0.03874425 0.05395249 0.19142381 
-0.16328937 -0.15779223 0.16940464 -0.23384807 
-0.18702702 -0.08452493 0.17660314 -0.24084519 
-0.30087307 -0.10730074 0.18448569 0.07891174 
-0.04487826 -0.02741359 0.13335895 -0.00268174 
-0.18974404 -0.19191758 0.16717814 0.31836417 
-0.33073590 -0.25354529 0.31330884 0.31133293 
-0.23556529 -0.09327751 0.09710319 -0.14889186 
-0.18711011 -0.06924901 0.00403097 0.15808452 
-0.29736228 -0.07607766 0.13270941 0.27953595 
-0.22745979 -0.19621073 0.11978014 -0.17878819 
-0.23644997 -0.16539158 0.08587401 -0.04070699 
-0.29047896 -0.09508574 0.06610812 0.09112945 
-0.05762018 0.03641662 0.08435017 0.27051258 
-0.15256304 -0.00394850 0.07650452 0.18889731 
-0.35431200 -0.18209854 0.22467453 0.24978503 
-0.28819420 -0.20122611 0.15237123 0.12597526 
-0.14845928 -0.03974047 0.09464540 -0.16978866 
-0.25017621 -0.02332026 0.06045725 -0.23617923 
-0.07368499 -0.13025119 0.09266274 -0.29167763 
-0.00755397 -0.00021415 0.09622532 0.16127132 
-0.09295715 -0.02091215 0.12298279 -0.22573039 
-0.13919972 -0.11860995 0.04364095 -0.23124649 
-0.37766153 -0.14584415 0.30935716 0.07076580 
-0.02524723 -0.05651457 0.02388987 -0.03295670 
-0.24394561 -0.24854614 0.26268120 0.29244946 
-0.36848862 -0.18706924 0.21970968 0.26391558 
-0.25420253 -0.07203669 0.11834126 -0.17510810 
-0.11048471 -0.02669642 0.13036874 0.14543362 
-0.24853450 -0.12477693 0.15209806 0.23263692 
-0.25617904 -0.15805402 0.14331120 -0.18983141 
-0.24165770 -0.02377643 0.15354006 -0.04226252 
-0.21039520 -0.21809919 0.14834934 0.07358517 
-0.08087795 -0.06332037 0.04404310 0.23485422 
-0.18467798 -0.12205442 -0.00861104 0.14802388 
-0.35864254 -0.18731453 0.14834734 0.22467093 
-0.23835845 -0.26322378 0.14282724 0.10382721 
-0.15615282 -0.08737850 0.11262830 -0.21495153 
-0.10728926 -0.04932854 0.10604874 -0.26689580 
-0.12867343 -0.02414487 0.07803226 -0.32556278 
-0.04884493 0.00854940 -0.01641260 0.16439299 
-0.15853065 -0.04630714 0.04611866 -0.27160927 
-0.16280759 -0.13848394 0.09349558 -0.26367494 
-0.32675218 -0.18963962 0.30396029 0.04726432 
-0.09399928 -0.07995494 -0.01433262 -0.07027175 
-0.31011290 -0.14068862 0.11301537 0.27748678 
-0.38429333 -0.29664243 0.17675567 0.25291067 
-0.16177127 -0.12377163 0.22132654 -0.22192044 
-0.16306769 -0.02864209 0.12273676 0.14709520 
-0.12764914 -0.18386645 0.13324112 0.21265133 
-0.22868959 -0.15979283 0.13780504 -0.21018960 
-0.24225261 -0.14550161 0.11716938 -0.05079068 
-0.22344414 -0.10861119 0.07714677 0.03974677 
-0.06264453 -0.14670717 0.11536936 0.19106351 
-0.08273323 -0.08671431 0.05809942 0.11798209 
-0.31835263 -0.22208843 0.15639566 0.20701166 
-0.36873120 -0.31547165 0.26319248 0.09545267 
-0.20370336 -0.11685752 0.12872845 -0.21463860 
-0.15642969 0.08921107 0.02075536 -0.25265149 
-0.21259958 -0.15137358 0.07651862 -0.29465077 
-0.02346141 0.02384735 -0.00428456 0.12922278 
-0.15823059 -0.09430079 0.12434573 -0.25352019 
-0.17672802 -0.09230600 0.05716921 -0.23626953 
-0.29440261 -0.22101470 0.15473838 0.04469174 
-0.06586417 -0.04683267 0.03352679 -0.05845960 
-0.14046691 -0.14811819 0.10403683 0.26308887 
-0.33230300 -0.21922381 0.26457213 0.25222571 
-0.24435260 -0.02300924 0.12964614 -0.20651996 
-0.12761367 -0.09044747 0.10023281 0.15969501 
-0.20736145 -0.07873136 0.16855784 0.18545139 
-0.21185416 -0.23579606 0.24626827 -0.19276059 
-0.25338108 -0.14165648 0.06686562 -0.03913396 
-0.23781752 -0.09202582 0.15780286 0.01866421 
-0.04636943 -0.06151468 0.08354241 0.15976338 
-0.20055858 -0.09903294 0.07611656 0.09006231 
-0.22648328 -0.08432533 0.26269694 0.18855108 
-0.38822808 -0.23163246 0.20996762 0.17922506 
-0.12537256 -0.08557699 0.03799263 -0.06365971 
-0.16868521 -0.03292539 0.08697423 -0.10813532 
-0.15212259 0.04495919 0.15416057 -0.15750660 
0.01768121 -0.02964754 0.02177707 0.17636820 
-0.15411638 -0.07419707 0.14171051 -0.11122728 
-0.13343563 -0.12180232 0.09592697 -0.10281326 
-0.34062060 -0.26510562 0.15161692 0.14850334 
-0.12707327 -0.02907733 0.07131179 0.03759541 
-0.16200903 -0.12127547 0.12106345 0.32241300 
-0.45964030 -0.16008703 0.29184205 0.30665306 
-0.06865012 -0.06848840 0.10357658 -0.08060917 
-0.12508144 -0.14360406 0.02058526 0.20905460 
-0.20863077 -0.16598255 0.08651433 0.23738375 
-0.26075774 -0.14099335 0.12882328 -0.05725103 
-0.11444121 -0.13290433 0.10711228 0.08125675 
-0.20436401 -0.12530740 0.07661522 0.11702045 
-0.05679484 -0.08166406 -0.00122634 0.23174120 
-0.13575987 -0.06477633 0.10946128 0.15098607 
-0.35355448 -0.20742144 0.16824301 0.25647187 
-0.26194909 -0.19981347 0.28460980 0.14516979 
-0.18155137 -0.20674716 0.14534384 -0.05146038 
-0.13709114 -0.09837849 -0.01586158 -0.12622595 
-0.13719816 -0.05468066 0.03592509 -0.13826816 
-0.01806029 -0.05431210 -0.05321089 0.13701387 
-0.16788426 -0.03297904 0.10333235 -0.09530770 
-0.19718142 -0.09511724 -0.01267802 -0.12146601 
-0.34041313 -0.21544268 0.22614195 0.11610312 
-0.12076076 0.01972643 0.11556705 -0.02092711 
-0.26540352 -0.19378520 0.18105834 0.26762605 
-0.36465708 -0.16243574 0.26719325 0.26681658 
-0.18388840 -0.03870348 0.20054806 -0.11747362 
-0.15009546 -0.06911180 0.13650049 0.17125931 
-0.21743803 -0.06605975 0.22891846 0.17465382 
-0.22101762 -0.11203372 0.03942835 -0.05920328 
-0.14495462 -0.18989891 0.13613603 0.06362928 
-0.23653683 -0.14985120 0.12115251 0.09098083 
-0.05851876 -0.12043208 0.04480244 0.17618276 
-0.07857739 -0.09324457 0.10364326 0.10708289 
-0.34340289 -0.19649425 0.15949777 0.21551519 
-0.35345746 -0.18784734 0.16757353 0.11678709 
-0.18418098 -0.06551553 0.08486380 -0.08334057 
-0.19849985 -0.06017779 0.11546993 -0.15123448 
-0.07404597 -0.02166823 0.10481793 -0.16984033 
-0.03109191 -0.01848866 -0.02751672 0.09494841 
-0.03220008 -0.05723044 0.00116225 -0.14569904 
-0.10598934 -0.16846245 0.10203703 -0.15070059 
-0.31430558 -0.19125748 0.27901978 0.07890348 
-0.12132980 -0.17265167 0.04550321 -0.01294984 
-0.22330553 -0.19622936 0.15617958 0.21450704 
-0.37688401 -0.17012408 0.16617683 0.23157741 
-0.14475183 -0.10465285 0.03059718 -0.12274862 
-0.06394064 -0.07662729 -0.01445316 0.13206368 
-0.29950510 -0.07551665 0.11237218 0.12410636 
-0.18043429 -0.17200935 0.14478213 -0.08996802 
-0.20444827 -0.05918556 0.13635707 0.02929610 
-0.13185252 -0.21534246 0.06247139 0.05399467 
-0.03975749 0.02049234 0.09847373 0.10943926 
-0.08203991 -0.03846812 0.07339065 0.07143328 
-0.29671035 -0.25127429 0.13998909 0.16633589 
-0.22153557 -0.14265930 0.26510582 0.15511703 
-0.10419944 -0.10361512 0.02625713 -0.00151591 
-0.09852158 -0.01838071 0.16800255 -0.08944418 
-0.16721345 -0.11857220 0.07758347 -0.10884952 
-0.07028353 -0.10366530 0.04572635 0.10875861 
-0.14929787 -0.10452928 0.04712695 -0.07555106 
-0.11082522 -0.08659410 0.04401333 -0.07804834 
-0.39624901 -0.22149649 0.11511072 0.12465282 
-0.08005321 -0.04138996 0.10888001 0.03708379 
-0.17834639 -0.15315114 0.14137518 0.21703745 
-0.38986572 -0.26364717 0.25892558 0.26147691 
-0.11240549 -0.02878104 0.12457789 -0.03660714 
-0.13709289 -0.05310973 0.03437899 0.13878269 
-0.17132864 -0.16283647 0.17378901 0.14415138 
-0.21645099 -0.07605544 0.16992766 -0.02897505 
-0.14031241 -0.16082349 0.17758642 0.06677897 
-0.12281383 -0.11361367 0.13196011 0.07747135 
-0.08059119 0.01768373 0.15057694 0.12886204 
-0.14156599 -0.06321139 0.08732444 0.11229261 
-0.25774104 -0.15632176 0.08422061 0.17889875 
-0.35497062 -0.22646800 0.21350182 0.15553497 
-0.20192692 -0.09038162 0.11841316 0.07305990 
-0.12001191 0.03553806 0.07608370 -0.06192251 
-0.04240335 -0.16054654 0.04200698 -0.06719422 
-0.08574178 -0.04236701 0.09102026 0.06095472 
-0.09623434 -0.04563967 0.09784269 -0.01953215 
-0.11148711 -0.11187628 0.11411955 -0.03481272 
-0.36344947 -0.11179769 0.19716471 0.14328855 
-0.13133485 -0.03379166 0.05921855 0.02506682 
-0.25887367 -0.20964380 0.12977522 0.20410360 
-0.36594377 -0.21310486 0.14410366 0.26024364 
-0.16036538 -0.03265935 0.12247762 0.00839164 
-0.06587437 -0.09397660 0.10420344 0.13818389 
-0.18767769 -0.10570975 0.17640168 0.13087554 
-0.23611155 -0.00452473 0.13931575 0.00223947 
-0.32267671 -0.18830410 0.11760226 0.08437367 
-0.18979486 -0.14576823 0.00884864 0.07561259 
-0.06252760 -0.05540712 0.04699303 0.16722025 
-0.07788601 -0.13314876 0.12909983 0.12104732 
-0.20462914 -0.10569493 0.16815587 0.16527605 
b1
-3.97535816 -2.34039768 2.35668393 -1.44772473 
w2
-2.13901530
-2.31934395
1.91170476
-9.71407981
b2
8.18225568
errfunc linear