nlayers 2
nin 418
nhidden 4
nout 1
nwts 1681
w1
0.02286504 -0.05643406 -0.19937399 -0.08629599 
-0.20078499 0.00085879 0.15124725 -0.07210397 
-0.00515386 -0.14056908 -0.02119112 -0.16482617 
0.04143812 0.04744943 -0.01074186 0.01431803 
0.00384278 -0.08837854 -0.01399775 -0.04325434 
0.13443547 -0.12880017 0.00420703 -0.02610788 
-0.00135117 -0.03797643 -0.03673488 -0.14783028 
0.07992292 -0.00079812 0.00712766 0.01192321 
0.01669371 -0.16943745 -0.05250153 -0.10729754 
0.15040894 -0.05263730 0.01216381 0.01801411 
0.05206343 0.01779584 -0.00477684 -0.08390658 
0.16515119 -0.06006955 0.12208005 -0.02537646 
0.00529711 -0.16967773 0.00014464 -0.10984239 
0.09183399 0.08595483 0.08300426 -0.10144136 
-0.08696129 -0.05387198 0.00953916 -0.16106539 
0.05986767 0.00730222 0.08983888 0.06697661 
-0.10617444 -0.10698246 -0.11177258 -0.05353493 
0.05451548 -0.03511128 -0.10127410 -0.00660605 
-0.22979969 -0.08533121 -0.35194375 -0.17607977 
-0.08346130 -0.03244100 -0.19846326 -0.08912809 
-0.20269036 -0.05262807 -0.04922192 -0.05965875 
-0.02803001 0.00263981 -0.09929668 -0.04314518 
-0.11229461 -0.00166492 -0.02324516 -0.11463686 
0.05363759 -0.01307998 0.02699679 0.00978463 
-0.13393647 -0.08153225 0.00900516 -0.06703578 
-0.01092451 -0.08065423 0.14404453 -0.05985236 
-0.08174281 -0.03259046 0.02640048 -0.07590696 
0.02897866 -0.05134656 0.16500863 0.02915609 
0.01355790 -0.12222844 0.01917153 -0.10905817 
0.08354478 0.02687862 0.12182406 0.04286359 
-0.03683669 -0.07324247 0.11293193 -0.14761448 
0.07755088 0.01652366 0.23654409 -0.00681027 
-0.01649765 -0.12892976 0.08768328 0.02616195 
0.09639072 -0.06637094 0.13477758 -0.03189541 
0.00519742 -0.08178106 0.05904371 -0.17077986 
0.10487185 -0.01723945 0.10242771 -0.01464166 
0.23336850 -0.06938311 -0.06966664 -0.14549836 
-0.01807988 -0.03430219 0.24425401 0.04163017 
0.00723784 -0.05883345 0.08016947 -0.10312990 
0.06384812 -0.03403609 -0.10797232 0.09219070 
0.10474316 -0.10437782 -0.10827381 -0.05721033 
-0.11176858 -0.01401585 0.05204763 -0.08765723 
-0.01006442 -0.02033220 -0.02041102 -0.00043200 
-0.04020442 -0.07170801 -0.04031222 -0.07185184 
-0.04942623 -0.03304238 -0.05395365 -0.07675809 
-0.04178176 -0.06733651 0.11167756 -0.06348995 
0.07217939 0.05791502 -0.01065694 -0.06342162 
-0.08284983 -0.03426930 -0.08398950 -0.06060234 
-0.00877257 -0.03011520 0.05715195 -0.09576289 
0.11621053 0.00884937 0.06324127 0.00915224 
-0.02686282 -0.07830800 0.07866032 -0.10144048 
0.01511654 -0.09677987 0.00976212 -0.00904453 
0.01850234 -0.06759219 0.05928624 -0.07467067 
0.02915091 -0.08258850 -0.00846513 -0.00368202 
0.02675470 -0.03534031 -0.00420289 -0.06082643 
0.14608113 -0.08673003 0.00464657 -0.00062708 
0.02582076 0.03460393 0.07000738 -0.01059683 
0.18080094 -0.00309159 -0.06310835 -0.03269003 
-0.01101513 0.02331311 0.07413686 0.03086821 
-0.02376969 0.02600957 -0.08756261 0.03797267 
0.05152339 -0.04542311 -0.04220682 -0.07676201 
-0.10610901 0.02930777 -0.00628140 -0.03064896 
-0.00071580 0.05507263 -0.00821565 0.03520838 
-0.02603927 0.06658129 -0.04045237 0.00049955 
-0.04807416 -0.09430818 -0.04037619 -0.07567560 
-0.05036721 0.04021948 0.14474724 -0.07330710 
0.04767185 -0.01449067 0.00236970 0.00412701 
-0.09631349 0.07968502 -0.08780113 -0.05881428 
-0.06315429 0.04748652 0.10369850 -0.02423064 
0.08221335 -0.14538890 0.09354011 -0.07408367 
-0.00379880 -0.12794513 0.08239473 -0.10351844 
0.01662111 -0.07406289 0.08437851 0.01819892 
-0.00517350 0.03237793 0.06900873 0.05914861 
0.00234911 -0.00131749 0.00226467 -0.09789426 
0.02736030 -0.08240185 0.00419380 -0.03069512 
0.11287138 -0.11490526 0.02965101 -0.07196027 
-0.02541916 -0.02659653 0.02328581 -0.06612840 
0.15800328 -0.01989026 -0.05255705 -0.08266423 
0.02319095 -0.06207800 0.03023180 -0.09527602 
-0.03374580 0.06214594 -0.06475246 -0.11758682 
0.01541109 -0.05156286 -0.04190241 -0.03951583 
-0.11186681 0.02975421 -0.02156668 -0.03735468 
0.01801734 -0.08304834 -0.05025808 0.04027244 
-0.01602810 -0.02311946 -0.04186370 -0.02994674 
-0.02144217 -0.07190484 -0.05697245 0.03905402 
-0.01399291 -0.09017787 0.11490792 0.03420769 
0.02228262 -0.07159907 -0.01779429 -0.04113734 
-0.07488071 -0.01897702 -0.09627212 0.00454917 
-0.07083591 -0.13470336 0.10057643 -0.00618079 
0.05024198 0.01829003 0.08493822 -0.01281267 
-0.01006370 -0.05758056 0.08436227 -0.08270721 
0.01292931 0.00716493 0.12182187 0.01611793 
0.01676337 0.02787271 0.01728367 0.05376100 
-0.03270949 0.00137161 -0.01031734 -0.00774306 
0.05664891 -0.05586907 0.01328807 0.02387968 
0.10759852 0.00307111 0.07092158 -0.01253727 
-0.04074303 -0.07768705 -0.03321201 -0.02930050 
0.13001022 0.08059227 -0.00897796 -0.02504877 
0.01669280 0.01490226 0.00410721 -0.04998343 
-0.02663217 -0.05205459 -0.06658443 0.00382360 
-0.01533974 -0.06836417 -0.03145592 0.05576193 
-0.12342824 -0.06420964 -0.06013325 -0.00184616 
0.06493085 0.01743353 -0.04955942 0.00312949 
-0.03384278 0.03578492 0.00974276 -0.01862989 
0.07478162 -0.10330419 -0.03269384 -0.04077776 
-0.00830262 -0.02165798 0.10326895 0.00402367 
0.01141749 -0.05238724 0.02244298 -0.00124024 
-0.09481510 -0.03921948 -0.14917852 -0.04675037 
-0.05751636 -0.04717209 0.13329400 -0.03684395 
0.01326337 0.06088629 0.05674282 -0.06758347 
-0.00725280 0.06526391 0.03134366 0.03228628 
0.01360028 -0.06061682 0.18086243 0.00936279 
-0.01306958 -0.02307052 0.04407357 -0.17267696 
-0.04761613 -0.04926998 -0.00677096 -0.00889917 
0.03715956 -0.03407766 -0.00001504 0.03615370 
0.07197792 0.05965746 0.06181275 -0.09411405 
-0.02410439 -0.05385878 -0.09676768 0.02407313 
0.12803601 -0.04040428 0.04224912 0.01223756 
0.01438275 -0.04241532 -0.00322571 -0.04618361 
-0.08635264 0.02797697 -0.04254038 -0.01875301 
-0.01929636 0.04765341 0.03253741 -0.00905853 
-0.16068681 0.00955687 -0.13628875 -0.05307365 
0.10380025 -0.04882135 -0.01859812 -0.08352208 
-0.00481700 0.04453952 -0.02365149 -0.02089607 
0.08919666 -0.04171271 0.03731241 -0.06066132 
-0.02737107 -0.12257574 0.06714396 -0.01973573 
0.00321475 0.02976739 -0.00783935 -0.05484480 
-0.05948100 -0.06981266 -0.10002018 -0.06070772 
-0.03442879 -0.04989109 0.13521217 -0.04019136 
-0.04942411 -0.00568892 0.03001345 -0.02565948 
-0.03906378 -0.07799243 -0.01659765 0.05441262 
0.03956096 -0.08137488 0.21855751 0.01670992 
-0.04727134 -0.07448895 0.04899590 -0.03736752 
-0.03748747 -0.09887029 0.02482425 -0.10774644 
0.05666257 -0.06030514 -0.04201784 -0.06219109 
0.05531609 -0.06551455 0.09200052 0.07253006 
-0.06132936 0.00543943 -0.08887701 -0.09242240 
0.08806817 -0.01466285 0.03011804 0.01314632 
0.01357894 -0.00909646 0.02013983 -0.04796457 
-0.15349882 -0.06754046 -0.05437242 -0.00714083 
-0.04471881 0.01447150 0.01281499 -0.05631196 
-0.16604833 0.01137943 -0.16549339 -0.01549079 
0.10977601 -0.02923251 -0.02169680 0.03898323 
-0.01321402 -0.04265152 -0.06084729 -0.09534150 
0.10546540 -0.07530255 0.02869026 0.01070493 
-0.01709960 -0.08958281 0.06756012 0.06988434 
-0.06058917 -0.04697321 0.02243428 0.00740419 
-0.02394426 -0.06638382 -0.06565596 -0.11959569 
-0.02626158 0.03234554 0.04288687 -0.06633971 
-0.06454629 0.04958775 0.01461819 -0.02711882 
-0.00203281 -0.03043514 -0.04070256 -0.01466484 
0.02236656 0.01162502 0.25954934 -0.01710491 
-0.02868364 -0.01502468 -0.03652470 0.01750341 
-0.08835824 -0.08846267 0.01952532 -0.02530028 
0.05811250 -0.00424613 -0.09505712 -0.01917833 
0.06233510 0.04090759 0.06347988 -0.05475423 
-0.02138674 -0.06208544 -0.13609436 -0.00930120 
0.08803713 -0.09203391 0.06334135 -0.05606463 
0.06912441 -0.12950610 -0.01751525 -0.02639804 
-0.22085569 -0.06460027 -0.09523622 -0.05755193 
-0.01922059 -0.05197486 -0.03104768 -0.05602773 
-0.15613097 -0.06964798 -0.14882127 -0.02604610 
0.12465234 -0.03665076 -0.02039816 -0.01821297 
-0.01535122 -0.05135743 -0.08143687 -0.01836134 
0.12701684 0.08691134 -0.00784163 -0.08119773 
-0.02904869 -0.04798230 0.04630223 -0.00319430 
-0.10100052 -0.07204557 0.01275010 -0.05061549 
0.04916497 -0.09117222 -0.10596343 -0.03193282 
-0.09399341 -0.07315568 0.09519965 -0.03737415 
0.01269309 0.02066910 0.05200340 -0.07329271 
-0.00165319 0.06150789 -0.07581852 -0.02302372 
0.01823594 -0.00621886 0.24329745 0.02080873 
-0.04690426 -0.00401857 -0.04935399 0.00871120 
-0.11436270 -0.06126067 0.05651593 -0.00016508 
0.01955796 -0.00603712 -0.03718830 0.02040852 
0.03323275 -0.06987630 0.10117590 -0.08801294 
0.01419357 0.03014825 -0.16105124 -0.08502707 
0.05780126 -0.03219965 0.04662686 -0.14042142 
0.08783404 -0.09314059 -0.04515711 -0.04848216 
-0.23099166 -0.12427793 -0.04928187 -0.06774631 
-0.02484966 0.02167918 -0.05310074 -0.12689961 
-0.11745998 -0.04290355 -0.13681656 0.05441948 
0.14421940 -0.06489432 -0.03415825 0.03370080 
-0.02969237 -0.00163441 -0.06066228 0.00392554 
0.13255577 -0.02992891 -0.00191882 -0.02599981 
-0.05690390 -0.01712117 0.03175838 0.02637955 
-0.07526252 -0.05018136 -0.01164072 0.01490418 
0.03662245 -0.08350786 -0.12812170 -0.09264700 
-0.13481249 0.00127093 0.16020939 -0.00719716 
0.04164683 -0.01779048 -0.02063585 -0.03931355 
0.02893726 -0.00598314 -0.11974243 0.00131685 
-0.02237486 -0.00866827 0.24655522 -0.02732679 
-0.06976737 0.00559786 -0.05710687 -0.06950650 
-0.14276036 -0.15027717 0.08314719 -0.04402001 
0.03476462 -0.04200470 -0.01672444 -0.07142895 
0.00466011 -0.05605643 0.08793325 -0.11242217 
0.02086780 -0.01496947 -0.13563135 -0.07707749 
0.07462081 0.04076809 0.03179840 0.04718679 
0.10663475 -0.03916690 0.06268528 -0.03904916 
-0.30093908 -0.01794656 -0.05012065 -0.02375875 
-0.06235783 -0.00773577 -0.04365667 -0.05153801 
-0.08336992 -0.04028220 -0.22825666 -0.00410392 
0.13983706 0.00240539 -0.02926628 0.01615452 
-0.03611529 -0.04396587 -0.05154305 -0.00830014 
0.06227611 0.02564574 -0.00177914 -0.03849552 
-0.06035716 -0.01879197 -0.00173186 0.00099143 
-0.10922983 -0.13286106 -0.05613393 -0.08153934 
0.08711801 0.03283559 -0.12079606 -0.10826106 
-0.08926046 -0.03694779 0.19289819 -0.07669642 
0.08505535 -0.01786056 -0.07098502 -0.03121009 
0.01582953 -0.10577424 -0.13340851 0.02912403 
0.02275421 0.03073474 0.27996684 -0.00457175 
-0.09125318 0.04947559 -0.15501106 -0.03461088 
-0.14377308 -0.06318175 0.02703384 0.04723155 
0.05876700 -0.01163075 -0.06591685 -0.06028990 
-0.01751423 -0.09260274 0.12128492 -0.07182408 
0.01448332 -0.07339472 -0.14354572 -0.02776009 
0.05215990 -0.04977563 -0.02137210 -0.00440057 
0.11427426 -0.04926162 0.06901537 -0.00906688 
-0.29881473 -0.04923348 -0.07344608 -0.19334815 
-0.06881367 0.00959580 -0.14117187 -0.07599357 
-0.12525554 -0.03153374 -0.31451419 -0.03741176 
0.15630658 0.02391890 -0.04142200 0.01040089 
-0.06821252 -0.03654760 -0.04346505 -0.05931232 
0.07085374 -0.08271549 -0.03999561 0.02455334 
-0.03604724 -0.05848038 -0.06453611 -0.04593453 
-0.14662157 0.05740010 -0.05820986 -0.06392872 
0.11011008 -0.02516429 -0.06079915 -0.05218302 
-0.04490996 -0.03056525 0.23351746 -0.01689918 
0.07401818 -0.07996122 -0.10624015 -0.05085006 
0.00168171 0.02895504 -0.14473434 -0.01323736 
0.02914203 -0.03687108 0.36576019 0.08278441 
-0.12124764 0.03780924 -0.16999290 -0.15764759 
-0.17193073 -0.04216301 0.07950693 -0.02814465 
0.04261583 -0.02784798 -0.07647979 0.02703692 
-0.04550244 0.04798751 0.16315128 -0.04161085 
-0.02350014 -0.01358954 -0.14919403 -0.03768120 
0.00448997 -0.04433892 -0.04922087 -0.10625335 
0.09277639 -0.02176296 0.03901118 -0.01229661 
-0.19186562 -0.03581933 -0.04883328 -0.02054595 
-0.08810698 -0.02297342 -0.08551270 -0.06774480 
-0.07226496 -0.06105744 -0.20499011 -0.08693287 
0.11248576 0.00610951 0.01013658 -0.04519822 
-0.01219405 0.00461044 -0.04028295 -0.03632748 
0.05742998 -0.10527033 -0.01525332 -0.15043909 
-0.05103300 -0.02310921 -0.01438415 -0.02551182 
-0.16757713 -0.05065864 0.02631712 -0.00031241 
0.08469152 -0.07796993 -0.09630962 -0.00908783 
-0.07423091 0.03251727 0.23532405 -0.05201918 
0.04337380 0.00219321 -0.05067908 -0.02600832 
0.03044014 0.03724195 -0.14654434 -0.00650411 
-0.01963562 0.01345673 0.33290871 -0.11807077 
-0.06560976 -0.03845804 -0.15604142 0.03402838 
-0.18968512 -0.13934866 0.12227667 -0.01254137 
0.03776892 -0.10571255 -0.07324627 -0.02697161 
-0.07603460 -0.01079773 0.13403314 -0.04133429 
-0.00547786 0.00580085 -0.12020495 -0.01615567 
-0.00616322 -0.08676007 -0.01942292 -0.00950051 
0.07923384 0.00812185 0.12248510 -0.03914384 
-0.16365305 -0.13115293 -0.02322025 -0.05893209 
-0.06353637 0.04347656 -0.11489192 -0.11782323 
-0.01776123 -0.19429958 -0.14176508 0.01015202 
0.09434340 -0.00035186 -0.00068609 -0.03011713 
0.02600266 -0.00488145 -0.12048064 -0.02833302 
0.05932886 -0.02293027 0.01778394 -0.00154967 
-0.05488012 -0.07536071 0.01033393 -0.12954758 
-0.16968553 -0.15105603 0.09048077 0.01221503 
0.09268431 -0.06889000 -0.04385821 0.09355519 
-0.07039574 -0.15856449 0.15051129 -0.06749414 
0.03848396 0.00618366 -0.01896772 -0.01476330 
0.03316684 -0.14956204 -0.10160285 -0.00174912 
0.00812366 -0.02349559 0.30192202 0.03207611 
-0.07196032 0.08753339 -0.11907936 -0.03952738 
-0.15984945 0.13041245 0.05486298 -0.01476889 
0.04833123 -0.08236172 -0.11954292 0.04815241 
-0.04352456 -0.08748746 0.08845827 -0.02908590 
-0.03565005 -0.05409973 -0.11106063 -0.04717538 
-0.04920287 -0.00381154 0.02156621 -0.07432037 
0.11512664 -0.04336631 0.04924662 -0.08543327 
-0.20117373 -0.05459709 -0.00320271 -0.05665795 
-0.07006006 -0.08846132 -0.09690016 -0.03070770 
-0.06972974 -0.06930234 -0.18154286 -0.04449972 
0.07846701 -0.01860540 0.02753237 0.01650556 
0.03060845 -0.03490856 -0.22379888 -0.09293590 
0.08282751 0.03775909 0.09525672 0.04191938 
-0.06965167 0.01390871 0.04497629 -0.04904511 
-0.22515875 -0.00521251 0.10605507 -0.06416630 
0.05668309 -0.09978301 -0.00057234 -0.02324024 
-0.06465013 -0.01702870 0.16887748 -0.08083854 
0.02471938 0.06254544 -0.01010023 0.00234039 
0.02388355 -0.06717920 -0.07892697 -0.05317589 
0.06571604 0.01663429 0.24053230 0.00438242 
-0.08933578 -0.13113302 -0.09310933 0.00721176 
-0.11267309 -0.13146403 0.08387436 -0.04070079 
-0.02161609 -0.04153317 -0.09359739 -0.11180437 
-0.05672609 -0.10785807 0.05550187 0.04344461 
-0.04140552 0.00529276 -0.10222110 -0.04585459 
-0.03509854 0.02428169 -0.00332040 0.01191562 
0.11217554 -0.12247524 0.04052088 0.03779252 
-0.18579053 -0.08123909 0.03950534 -0.12062785 
-0.09685904 0.02460439 -0.03416098 0.05083739 
-0.09617063 0.03903177 -0.15476182 -0.10762471 
0.09608363 0.00067695 0.05093751 0.09614898 
0.06121500 -0.03571554 -0.25532891 -0.08813291 
0.13219319 -0.10782395 0.11690872 0.07245208 
-0.05819552 -0.00874218 0.06723936 -0.05953709 
-0.23011800 -0.02172468 0.12616482 -0.06245707 
0.02070219 -0.01653097 0.05804990 -0.05168880 
-0.00773480 -0.04753013 0.21380889 -0.02388908 
-0.02594432 -0.01122067 0.01864514 -0.00879435 
0.02459098 0.02067431 -0.13030624 -0.06408015 
0.06092927 -0.07789477 0.20065726 -0.01026812 
-0.05670642 0.02987140 -0.05734349 -0.04474453 
-0.09087987 -0.01394217 0.09094156 -0.09504389 
-0.02563834 -0.11706801 -0.08755130 0.00305824 
-0.04523453 0.00590063 -0.00583293 -0.00975173 
-0.03664331 0.03366593 -0.05796317 -0.05992756 
-0.02152286 -0.11587546 -0.00748503 -0.07664393 
0.07950465 -0.04965000 0.10728417 0.00556572 
-0.10232247 -0.05478037 0.08854314 -0.03323150 
-0.12716180 -0.00413845 0.04355847 -0.01159450 
-0.04731476 0.01679184 -0.08888082 -0.05391344 
0.08720539 -0.00327195 0.02516022 0.08134110 
0.10510079 -0.03501741 -0.18507199 -0.00525888 
0.10269712 -0.01818664 0.06444258 -0.06164905 
-0.03138185 0.03944850 0.10812532 0.02270605 
-0.15671963 0.00392651 0.10008875 -0.05843512 
-0.00568097 -0.01159245 0.14832734 -0.05334358 
-0.01773715 -0.05101006 0.17682466 -0.06109330 
-0.03124445 -0.01994633 -0.03614606 -0.06050520 
0.05083439 -0.06535328 -0.15691924 -0.15840779 
0.04709681 -0.06571516 0.16882074 0.03926322 
-0.03023528 0.09815513 -0.04047367 0.01020574 
-0.06477972 -0.02526295 0.01605979 -0.06382454 
0.00962820 0.02502870 -0.04620025 0.05141698 
-0.03492024 -0.02829515 -0.03486539 0.00397344 
0.00247453 -0.06515422 -0.05529411 -0.08460749 
-0.00857064 -0.05253922 -0.04691216 -0.01882283 
0.04649614 0.01802270 0.13994297 0.02240695 
-0.03649447 -0.06121289 0.06776983 0.00673770 
-0.19255790 -0.11858898 0.05118283 -0.07994528 
-0.04182313 -0.02020438 -0.08526408 -0.03443904 
0.07321779 -0.04730099 0.04940614 0.02138924 
0.09442594 0.00930643 -0.19307421 0.00325672 
0.11456274 0.01454106 0.08368403 -0.02069031 
-0.01173873 -0.03663112 0.11938718 -0.06437701 
-0.08465850 0.06003881 0.10867954 -0.03676442 
0.01452531 -0.08135145 0.27244907 -0.03132586 
-0.01522389 -0.00493891 0.17940375 -0.01710350 
-0.06008007 -0.03644589 0.01297159 -0.03043438 
0.06245625 -0.09682997 -0.18008381 -0.09610474 
0.01247746 -0.04617754 0.13044981 0.03101486 
0.00409817 -0.05755810 0.00892896 -0.02937400 
0.01154523 -0.04007895 0.01429130 -0.03023601 
-0.01761708 -0.01676112 0.00970340 0.01410362 
-0.03571008 -0.04661646 -0.02750007 -0.04761218 
0.06555217 0.00078173 -0.03219489 -0.04500420 
0.00462905 -0.16044244 -0.13468063 -0.00302711 
0.03856887 -0.01877399 0.14114073 -0.00596795 
-0.02123906 -0.10807049 0.09519115 -0.06407934 
-0.22901918 -0.00492731 0.05724899 -0.02326262 
-0.08557644 -0.09965067 -0.07564051 -0.01408433 
0.09244909 -0.02128569 0.07735751 0.01764612 
0.09574701 -0.08361703 -0.18616185 -0.05387151 
0.07546885 -0.05680564 0.12732557 0.00580346 
-0.07074991 -0.07678826 0.06227637 -0.06628797 
-0.02483065 -0.00449672 0.10849715 -0.04786995 
0.02066081 -0.04721372 0.23149289 -0.02241516 
-0.00739713 -0.06164823 0.19152476 0.01908824 
-0.11146064 0.01856633 -0.01013225 0.03116780 
0.04517531 -0.12721491 -0.15991419 -0.10877872 
0.02477929 -0.12323591 0.11451920 0.03392763 
0.00563658 -0.00695143 -0.02034460 -0.00714631 
0.08635398 -0.05988909 0.04628152 -0.01127458 
0.01338253 -0.06323961 -0.05763915 -0.05044128 
-0.03116116 0.07276745 -0.00824689 -0.03154966 
0.02061813 0.01681371 -0.05800161 -0.06866542 
-0.01509963 -0.07540134 -0.15171394 -0.01689602 
0.03621201 -0.02896622 0.10917231 -0.08408987 
-0.01771568 0.01545825 0.08347353 -0.00499317 
-0.19641881 0.01395084 0.08097856 -0.00107751 
-0.09701075 -0.13049888 -0.08969352 -0.06363401 
0.09346857 0.02196351 0.05177872 -0.01561473 
0.12638868 -0.03681359 -0.14132889 -0.03703915 
0.04602512 0.02550432 0.11406692 -0.04007988 
-0.06967590 -0.06432319 0.09397193 -0.05280182 
0.05797543 -0.06398286 0.02488087 -0.02492841 
0.05393439 -0.08556915 0.17404151 -0.02132274 
0.01873434 -0.09672519 0.25866635 -0.01405277 
-0.12655926 -0.05098641 0.02681848 -0.07172630 
0.03966546 -0.04406051 -0.13502819 -0.06839158 
-0.06492224 -0.11047726 0.07799986 -0.00457386 
-0.00545904 0.05863180 0.03655640 0.02835788 
0.09524901 0.03481616 0.06165060 -0.08267970 
0.00872898 -0.04582825 -0.05896872 -0.05794583 
0.01099273 0.04677755 -0.06580231 0.04816651 
0.04075412 -0.03046320 0.02843986 -0.04053290 
-0.01281979 0.01899107 -0.18174840 -0.03340301 
0.04118205 -0.01474776 0.07566144 -0.09244697 
0.07904796 -0.05806268 0.07298324 -0.02060854 
-0.15153273 -0.13122130 0.00661319 0.06212165 
-0.05424681 0.02362023 -0.07782013 0.04773990 
0.04316108 0.00946896 0.04805013 0.03056870 
0.07120970 -0.01297971 -0.12790081 -0.09231607 
0.06575254 -0.06211906 0.12595680 -0.04173392 
-0.05976952 -0.06933146 0.10338603 -0.09823691 
0.06595242 -0.00580479 -0.00494850 -0.06402186 
0.11363810 -0.07386732 0.12759477 -0.06973712 
0.04929758 -0.08143770 0.18946801 -0.05476189 
-0.07911827 -0.02250150 0.05807403 0.02853973 
0.01738954 -0.07413616 -0.10867157 -0.07846591 
-0.11800742 -0.10621183 0.06301652 -0.00764919 
0.00902367 -0.00313124 0.05216707 -0.06465325 
0.14084251 -0.05499393 0.05136978 -0.02631462 
-0.01505908 -0.06629383 -0.05529158 -0.10859501 
0.04287694 -0.03206017 -0.07391988 -0.06921829 
0.06939194 0.06577247 0.05408148 -0.03133432 
-0.02339935 -0.06450143 -0.16545722 -0.06881322 
b1
-0.30462254 -0.17276184 -0.51021402 -0.07805660 
w2
-5.22921222
-5.54152126
-5.02263988
-5.67984394
b2
4.24625304
errfunc linear