nlayers 2
nin 380
nhidden 4
nout 1
nwts 1529
w1
-0.05135055 0.14462422 0.45320220 0.19434011 
0.12070085 0.10243254 0.18758382 0.15350390 
-0.10516132 0.02277299 0.08102322 0.13071194 
0.00668918 -0.00417341 0.20662904 0.01766406 
0.10673437 0.11279351 0.07977400 -0.01462748 
0.26820136 0.03741795 0.11341730 0.04936141 
0.36467174 0.01328612 0.13369236 0.09135320 
0.33634752 0.19527362 0.44989913 0.29427340 
-0.08307102 0.14369188 0.11043865 0.15084769 
-0.21309862 0.16593368 0.29751539 0.19092015 
0.04914159 0.25521865 0.45318206 0.27990120 
0.40445361 0.11144554 0.17031446 0.11729346 
0.00854774 0.17482606 0.12640522 0.05434951 
-0.16822144 0.20653029 0.31463627 0.13697253 
0.25811183 0.10476992 0.29393618 0.17798221 
0.20641717 0.13269201 0.34803095 0.19578076 
0.41836967 0.19572875 0.20151201 0.17948984 
0.06794419 0.29255877 0.11645410 0.04828987 
-0.23680795 0.18335917 0.16234495 0.06855346 
-0.16470727 0.11240362 0.33118660 0.23065028 
-0.20844685 0.00637898 0.28295580 0.31721219 
0.22190478 -0.06183892 0.24671089 0.06327563 
-0.08741266 -0.09977549 0.11188263 0.01640562 
-0.04971588 -0.19091343 0.23144316 0.13456311 
0.18719375 0.00580755 0.12700699 0.06548049 
0.40364670 -0.12334651 0.16034073 0.09601412 
0.53467682 -0.12096751 0.32538295 0.15583447 
0.17175090 0.06497596 0.37780548 0.27264161 
0.16324052 0.06721917 0.12420961 0.03372861 
0.19352258 0.11550151 0.34563532 0.23893369 
-0.09623689 0.13066798 0.39034635 0.26175530 
0.42293892 -0.05074265 0.19072605 0.11266750 
0.16818671 0.06402277 0.24068235 0.08842524 
-0.22465582 0.07608056 0.29690048 0.13646058 
0.28700344 -0.03680809 0.19066382 0.09933806 
0.27574586 0.01261969 0.30088828 0.17023568 
0.13121532 0.02869415 0.30597641 0.13166418 
0.06465393 0.18703636 0.08452465 0.09395113 
-0.24523472 0.05379471 0.15777015 0.19935245 
-0.12978786 0.02697738 0.38819388 0.22554018 
-0.13229353 -0.05200501 0.40240969 0.24579413 
-0.02868284 -0.21316190 0.28592449 0.05103976 
0.10351010 -0.20532355 0.06756151 -0.00786012 
0.01998771 -0.32053527 0.21887686 0.07427593 
0.17395327 -0.12376657 0.05300612 0.03863004 
0.10453617 -0.25892197 0.12086109 0.11525182 
0.51502026 -0.25358232 0.27356288 0.04256599 
0.25160617 -0.03328092 0.45960078 0.16341892 
-0.04899948 -0.07857940 0.09245845 0.08006362 
0.30265155 0.06346203 0.19335868 0.23808286 
0.02743823 0.08396416 0.48911937 0.30618695 
0.20482681 -0.18840775 0.20972027 0.02790592 
0.03845139 -0.03968012 0.20070047 0.18490114 
0.35529324 0.09828914 0.26498197 0.18911840 
0.10098187 -0.19764142 0.33198407 0.09255422 
0.14432364 -0.10022645 0.26847199 0.10149910 
0.26257879 -0.03874116 0.18098956 0.08251844 
0.00558819 0.09704644 0.10256470 0.16280937 
-0.27595520 -0.04712778 0.18164009 0.11972251 
-0.35173509 -0.07853125 0.36286336 0.17941467 
0.18211227 0.14349884 0.46524694 0.25871884 
0.27270433 -0.02274638 0.17622512 0.13832014 
-0.04091697 -0.06826963 0.22469413 0.03486799 
-0.13116884 -0.20499736 0.14293258 0.09715868 
0.26471994 0.05738047 0.01719857 0.08473878 
0.39243332 -0.06052241 0.21061912 0.16732360 
0.48209832 -0.07077390 0.10194580 0.19700716 
0.03827855 0.08592460 0.38421092 0.32740367 
-0.07854402 0.04275520 0.12018403 0.04302681 
0.29249827 0.24330733 0.35423081 0.21003855 
-0.04237388 0.25927622 0.45540556 0.32561900 
0.17917371 -0.05224304 0.17854940 0.09381626 
0.33923165 0.16337609 0.15543638 0.07261396 
-0.12615754 0.21633754 0.28143126 0.17319260 
0.30182062 -0.04266008 0.32868134 0.20903508 
0.03602165 0.02339065 0.27326283 0.13546853 
0.06168147 0.07927171 0.28785638 0.20419348 
0.04477516 0.25116120 0.17571876 0.05136949 
-0.20536040 0.13464802 0.08433827 0.03935046 
-0.26761125 0.10158316 0.37005137 0.13693400 
0.50747320 0.24176708 0.38477721 0.29941631 
0.02937764 -0.00594938 0.22587073 0.10296244 
0.09162963 -0.00841082 0.20647914 0.03451049 
-0.08979343 -0.23700740 0.11044855 0.13479791 
0.14623399 0.12930823 0.01533876 -0.05559732 
0.03551369 -0.11516684 0.10236985 0.19354970 
0.40818263 -0.06615666 0.08110857 0.14691392 
0.28274886 0.16908298 0.39424828 0.20912701 
-0.17399386 0.08621417 0.12920823 0.07054236 
0.07334664 0.32506197 0.26450148 0.20206124 
-0.22620456 0.30296600 0.49967468 0.27342378 
0.37582156 -0.00764550 0.21182376 0.07441115 
0.16712956 0.20615755 0.08677409 0.01708689 
0.00625683 0.32639746 0.30698795 0.19270509 
0.11023652 -0.04509738 0.21880586 0.13904658 
0.01607336 0.08736604 0.16014347 0.12242060 
0.05681087 0.11235716 0.24247586 0.18471855 
-0.12845233 0.28410384 0.19769640 0.06719425 
-0.04638825 0.19792789 0.24636849 0.06884625 
-0.22004897 0.20509903 0.39992695 0.18021551 
0.52101795 0.13270240 0.44034987 0.32840217 
0.04692895 -0.22672257 0.25852231 0.11767112 
0.08991182 -0.19389038 0.21718314 0.07574373 
-0.16797322 -0.50515841 0.27363609 0.05855312 
-0.11951845 -0.06902628 -0.05434513 0.03033898 
0.13524346 -0.31892988 0.03200716 0.05665587 
0.54142586 -0.26535915 0.23567938 0.14737962 
0.32628625 0.04147433 0.40103711 0.19378504 
-0.13790839 -0.08244632 0.12568450 0.10787626 
0.36616736 0.25097812 0.38865305 0.26135756 
0.26233365 0.27162747 0.61559985 0.27980276 
0.37302128 -0.18815015 0.23501074 0.13751465 
0.19871653 0.08894457 0.17111495 0.04950934 
-0.09717847 0.19176298 0.28308711 0.09667682 
0.17675414 -0.22216132 0.27909050 0.14910591 
-0.28326313 -0.12674972 0.34722227 0.13884372 
0.04902190 -0.04376683 0.26135019 0.20412600 
-0.09994437 0.17152406 0.15249580 0.03855514 
-0.34015534 0.01301511 0.20818429 0.08350542 
-0.15140400 0.12406081 0.40431292 0.18820922 
0.22680042 0.08882515 0.42867298 0.15320823 
0.09102155 -0.24988113 0.17472754 0.09221234 
-0.12266298 -0.26117787 0.05641218 0.08825756 
-0.36214715 -0.54695256 0.24196592 0.03001143 
-0.14701012 -0.09190092 0.04835062 0.13584643 
-0.08714203 -0.34699838 0.07434416 0.06522629 
0.40077892 -0.28382438 0.22400469 0.11004763 
0.33311978 0.03069676 0.46944328 0.18012364 
-0.14076763 -0.12366094 0.11237546 -0.03505305 
0.19766406 0.24675990 0.26902792 0.22280636 
0.08768784 0.25101911 0.46909283 0.25751077 
0.29356750 -0.19195890 0.15199459 0.08111892 
0.09797654 0.08812878 0.11373036 0.05757696 
-0.11561682 0.18425298 0.26437280 0.17190177 
0.11710697 -0.25926621 0.34251489 0.19310818 
-0.02655696 -0.11557012 0.35688424 0.15948755 
-0.02325969 -0.05647745 0.27149902 0.24498204 
-0.13839653 0.11790493 0.11677993 0.04149093 
-0.33855083 0.04113238 0.11935098 0.18433560 
0.15637665 0.18673871 0.39972583 0.21713441 
0.15698112 0.35800463 0.41124789 0.31605507 
-0.03993865 0.01943037 0.20393519 0.10990179 
-0.16857281 -0.01418266 0.16994431 0.00041497 
-0.27215264 -0.22534302 0.20165104 0.14331713 
-0.08744708 0.28262010 0.04195258 0.06614359 
0.07002552 -0.05300451 0.06372785 0.04610040 
0.53201864 0.00214986 0.29648806 0.14268047 
-0.01502262 0.24556787 0.36228742 0.29468894 
-0.23271512 0.13674221 0.13574374 0.13690437 
0.27025012 0.54010077 0.28203238 0.23232525 
0.33095218 0.56598839 0.59848977 0.35016554 
0.25973626 0.08979826 0.24111880 0.11720157 
0.18141794 0.38776494 0.17847220 0.15412762 
-0.08139874 0.46923422 0.26446297 0.17578359 
0.09031065 -0.00505360 0.26263979 0.09253155 
-0.15017599 0.14503446 0.26132956 0.10638000 
-0.15283074 0.22149824 0.22841969 0.22637380 
-0.23409302 0.37874167 0.12653134 0.04628350 
-0.08510432 0.37181269 0.20504547 0.08021088 
0.33897100 0.49309952 0.35718170 0.17278933 
0.03358029 0.10481495 0.47772460 0.40741633 
-0.37515179 -0.34878321 0.29512838 0.22465641 
-0.17218426 -0.32531133 0.11675459 0.07509847 
-0.28564016 -0.55172900 0.20736610 0.14687543 
-0.07572234 0.03200898 0.07222404 -0.07365026 
-0.03169815 -0.33407119 0.23423675 0.11462852 
0.34865283 -0.31746932 0.19241529 0.10550060 
0.43187801 0.02745881 0.47751921 0.13225600 
-0.24786234 -0.14110688 0.15964869 0.11170890 
0.29207548 0.31701738 0.28935473 0.26303839 
0.20492544 0.32944981 0.47882972 0.27742811 
0.15599059 -0.25369770 0.25377776 0.06853362 
0.14263968 0.15850224 0.14644810 0.06399614 
0.08981329 0.28353133 0.30809740 0.22012450 
0.11979668 -0.30344584 0.23310374 0.26457057 
0.07227545 -0.09794920 0.35620950 0.09795556 
-0.17476322 -0.04302429 0.28836965 0.12710716 
-0.23115103 0.18850436 0.08638109 0.06499867 
0.10411855 0.14516398 0.23267660 0.09106029 
0.25330340 0.23865481 0.45966799 0.20898874 
0.04717711 0.08761655 0.34352580 0.26777818 
-0.55776473 -0.54668151 0.33589345 0.19832171 
-0.29465489 -0.45065927 0.19907513 0.01974665 
0.15554081 -0.57309846 0.29476505 0.11471192 
0.01919582 -0.02798052 0.06293323 -0.00659201 
-0.17991451 -0.44472396 0.05868662 0.15686261 
0.14501152 -0.47109308 0.30959800 0.19934269 
0.25518984 -0.03689353 0.40311666 0.27696876 
-0.35587726 -0.18305067 0.12188979 0.09352717 
0.49765700 0.35236620 0.20452871 0.04628916 
0.28863440 0.34810707 0.48832193 0.22707205 
-0.14681473 -0.39646550 0.20426787 0.03795285 
0.11293019 0.14899344 0.07827316 0.03393606 
0.00788977 0.26141477 0.24530531 0.16624939 
0.25446507 -0.32500921 0.26663308 0.19932221 
-0.08835042 -0.17089368 0.25441023 0.22402551 
-0.10596742 -0.07041621 0.27634015 0.13431278 
-0.00100185 0.23298223 0.12889526 -0.08262990 
0.11716512 0.12822588 0.13432561 0.09151006 
0.37709938 0.24208642 0.44518902 0.18738023 
0.15611273 0.41285422 0.39203272 0.31931074 
-0.26202068 -0.05035358 0.23802181 0.16280814 
-0.48176649 -0.10738817 0.15518438 0.12688187 
-0.31373993 -0.24139022 0.29385881 0.17153205 
-0.09578812 0.28196042 0.09598953 -0.10708811 
0.07638953 -0.05586777 0.20438881 0.04272691 
0.44927586 0.00557492 0.30957330 0.25964264 
0.22604304 0.30506084 0.40401578 0.22079683 
-0.28738839 0.18050044 0.07405962 0.10952334 
0.44862956 0.63036775 0.22571958 0.14543773 
0.14062962 0.60152021 0.42174866 0.26562189 
-0.25053160 -0.03564630 0.16781918 0.10435530 
0.18932963 0.44088805 0.14216774 0.10027418 
0.01286454 0.52718923 0.31551011 0.15236068 
-0.03575488 -0.00745914 0.21692098 0.12923082 
-0.08441451 0.15237149 0.32592110 0.13301378 
0.19112515 0.29950891 0.31263240 0.18369743 
0.03814551 0.49771401 0.09383779 0.07474870 
-0.13501798 0.39179866 0.19045476 0.14844837 
0.46455700 0.55160090 0.37717424 0.10578337 
-0.05684315 0.03974467 0.47450428 0.31772867 
-0.46667617 -0.39749871 0.15340543 0.06811113 
-0.40287698 -0.39782282 0.15089279 0.05741144 
0.01130556 -0.47110380 0.17292727 -0.01797418 
-0.13838073 -0.05550155 0.05799255 0.05967076 
-0.02103708 -0.39609513 0.18307480 0.09960271 
0.12201018 -0.33123133 0.28378357 0.18236581 
0.28312844 -0.02019948 0.41455984 0.22331246 
-0.16085366 -0.15102298 0.06826058 0.04504414 
0.56788965 0.29421707 0.35165888 0.26713033 
0.00225267 0.22755214 0.42504423 0.27182333 
-0.53507931 -0.44491228 0.29330856 0.13221315 
0.13229584 0.10072002 0.17631728 0.08973894 
0.05006923 0.16775585 0.24830715 0.17029302 
-0.11819035 -0.32534240 0.22979306 0.10982956 
0.05812237 -0.15308385 0.29817497 0.15712135 
0.27349636 -0.01867716 0.27146674 0.10229024 
0.12498449 0.16660048 0.09475209 0.05702250 
0.15205660 0.08649875 0.18612792 0.06715888 
0.47312164 0.20533659 0.32597153 0.12610222 
-0.15135247 0.03840137 0.39015477 0.21920468 
-0.38166076 -0.41343004 0.28328888 0.07498866 
-0.18641183 -0.35749397 0.17053710 0.07201892 
-0.13045525 -0.49884456 0.21072353 0.13394347 
0.10701771 -0.01273645 0.03458015 0.01433122 
0.16588633 -0.39400009 0.20324598 0.05281076 
0.05746211 -0.35375009 0.27905945 0.13564950 
0.16547996 -0.03174614 0.42834892 0.31206561 
-0.25547365 -0.18342510 0.03560223 0.04599116 
0.12593538 0.27506926 0.31625360 0.12939210 
0.34332626 0.28994385 0.51970531 0.23230907 
-0.30591157 -0.37466973 0.17019034 0.15231440 
0.12599695 0.12560054 0.09841173 0.00895927 
0.09351425 0.18992928 0.25159587 0.12750544 
-0.17963408 -0.32897945 0.37067374 0.18089828 
-0.26437667 -0.15945698 0.23737094 0.18488067 
0.31384141 -0.01479128 0.22599300 0.18157959 
0.15946199 0.17333586 0.08132820 0.08340632 
-0.09969012 0.05747499 0.17854001 0.09861667 
0.33586772 0.20157786 0.39257381 0.19997867 
-0.19693231 0.08369830 0.34536504 0.16581356 
-0.20555329 -0.32787693 0.12524212 0.25361805 
-0.34851228 -0.32464562 0.23390444 0.17517116 
-0.17355438 -0.41119589 0.19826370 0.14003584 
0.11404079 0.03055876 0.03017295 0.01142122 
0.13158644 -0.31163642 0.12600688 0.12018751 
0.06537609 -0.25875278 0.19608937 0.11999661 
-0.25785444 -0.03698429 0.44535394 0.19717242 
-0.09474016 -0.04870264 0.07313310 0.13198972 
0.42638497 0.35456593 0.36631714 0.19588546 
0.32703427 0.34977364 0.54530964 0.26648524 
-0.22460792 -0.30358130 0.19231180 0.06523642 
0.01394842 0.15316371 0.16708988 0.01146172 
-0.05013588 0.21629370 0.27146770 0.14192629 
-0.14173319 -0.23011779 0.24776571 0.14521485 
0.11571505 -0.04579473 0.30492642 0.12750677 
0.20723743 0.00498814 0.33732209 0.25568949 
-0.17787120 0.15125783 0.18170163 0.10519924 
0.36692655 0.13386121 0.18102171 0.05473239 
0.43276993 0.25415782 0.52164262 0.25978250 
-0.01230751 0.24972380 0.42686871 0.18707534 
-0.03078596 -0.06276705 0.15669852 0.08196435 
-0.35357255 -0.11440374 0.04044652 0.03167953 
-0.34695189 -0.23879220 0.13000923 0.12859338 
0.21456458 0.21482643 -0.04087290 -0.01198859 
0.11342745 -0.10152880 0.19278548 0.09225543 
0.18748305 -0.04706394 0.21534401 0.07899185 
-0.15572645 0.14227974 0.43184169 0.21738104 
-0.18265725 0.08187350 0.13620993 0.02351994 
0.22522034 0.45372826 0.33709045 0.19110974 
0.18061720 0.43963960 0.46605649 0.25429960 
-0.22579657 -0.08530407 0.25578441 0.10025137 
-0.08051562 0.24184540 0.15984995 0.05698213 
-0.09074813 0.31331947 0.16606664 0.19889922 
0.09297125 -0.03207549 0.23422154 0.10598578 
0.33643230 0.16567193 0.23505996 0.11665338 
0.21264294 0.16743806 0.26545284 0.13076812 
0.07215290 0.34295173 0.17887281 0.12666371 
0.37809904 0.25492958 0.22179707 0.10267335 
0.15633269 0.34598895 0.32038941 0.31545155 
0.12104032 0.23861107 0.45137103 0.29641786 
-0.02229276 -0.02757813 0.23995684 0.16331388 
-0.01557076 -0.06442949 0.14958411 0.19173202 
-0.26809531 -0.18174485 0.14665218 0.06794539 
-0.04448201 0.13443389 0.07282186 0.00614603 
0.10798795 -0.02341662 0.22303860 0.05396426 
0.21305718 -0.04053805 0.33658015 0.11567313 
-0.24689809 0.11520697 0.39832420 0.25269642 
-0.57319997 -0.07086506 0.09601075 0.16791548 
0.10898697 0.38623463 0.23227314 0.20322302 
0.46746215 0.44332556 0.53240152 0.27693709 
-0.03203547 -0.07845662 0.17207146 0.15303151 
-0.18610938 0.18644053 0.10345697 0.11967754 
-0.38921461 0.19885931 0.33496570 0.19864119 
0.20681086 0.01375946 0.28119128 0.13064658 
0.18819811 0.16144829 0.30607510 0.12119999 
0.27923199 0.18073913 0.25784984 0.15541169 
-0.02950094 0.27663494 0.17381848 0.11231906 
0.19641244 0.21467432 0.13545380 -0.01496159 
0.36501039 0.34954830 0.40212119 0.11628457 
0.14131985 0.16248540 0.37576984 0.28327913 
0.33439369 -0.03973444 0.18713692 0.17623533 
-0.21520135 -0.16715864 0.11000251 0.04800450 
-0.26274842 -0.23068348 0.11226915 0.09692440 
0.01284756 0.05490632 0.01081531 0.00825369 
0.19022836 -0.08443708 0.12142560 0.15412830 
0.13325453 -0.13473297 0.18759078 0.12070567 
-0.41896539 0.00668028 0.36718166 0.29681004 
-0.18062727 -0.06228739 0.17207162 0.07426109 
0.17292781 0.27985988 0.34300027 0.24863324 
0.44180388 0.35641035 0.45140482 0.25558623 
0.02822599 -0.10252397 0.10530321 0.16056569 
-0.13391178 0.11280443 0.15138498 0.09571557 
-0.12526642 0.12926052 0.25920282 0.16379732 
0.13290887 -0.06869695 0.27851836 0.18366377 
0.14445345 0.08449528 0.30653487 0.13887558 
-0.30233443 0.02617259 0.23436822 0.24774652 
-0.21630130 0.12233311 0.19174526 0.06781400 
0.06227426 0.10390601 0.17791243 0.03492817 
0.34317445 0.24447908 0.37784459 0.13333578 
0.05526751 0.18694195 0.40057189 0.27190211 
0.19564083 0.05252209 0.20948324 0.10628564 
-0.04633573 -0.06802560 0.25252581 0.18607764 
0.06488508 -0.12395909 0.21371209 0.12561303 
0.05842955 0.06414628 0.00990598 0.02236079 
0.18477059 0.01725434 0.14698777 -0.00398820 
0.26256091 -0.02645058 0.18949600 0.08801210 
-0.28585154 0.07930592 0.44217756 0.20658432 
-0.16123085 0.04131510 0.04495613 0.14742385 
0.06534154 0.28221597 0.31375921 0.21164216 
0.37121155 0.37844366 0.52046895 0.29171281 
-0.20958858 -0.07553643 0.15939704 0.15940153 
0.09480003 0.16283750 0.15794845 0.02796241 
-0.20605693 0.15980378 0.23885926 0.08817084 
-0.14030146 -0.03535625 0.31907849 0.15965723 
0.26580635 0.16903638 0.35993330 0.20718102 
-0.32439852 0.06964146 0.31049146 0.08479978 
-0.14250601 0.17462720 0.08728046 0.02450225 
0.04626245 0.13934522 0.08443676 0.06122294 
0.20002853 0.23897041 0.37317646 0.11707934 
0.13693699 0.24258556 0.46987121 0.27702826 
0.26489403 0.16921379 0.17396162 0.12942454 
0.16812017 0.03020686 0.20255616 0.04327468 
-0.11205597 -0.05533022 0.18557329 0.10101101 
-0.00857958 0.05148658 0.11040334 0.05717784 
0.00707798 0.08412226 0.03482568 0.13494906 
0.13604707 0.04019078 0.18637704 0.09648545 
-0.12735130 0.15692035 0.32811945 0.23343438 
-0.25407326 0.05684882 0.01526471 0.07055690 
0.18858419 0.31539953 0.39991124 0.13369888 
0.39235497 0.40292798 0.53177123 0.38962102 
-0.00100905 0.06228963 0.13975995 0.14422795 
0.17437780 0.21262874 0.09835457 0.08158184 
-0.21359701 0.17987721 0.30008147 0.08504440 
0.01946189 0.04302247 0.34046117 0.11933951 
0.07063155 0.19701843 0.23519518 0.15949595 
-0.01135683 0.15503657 0.22262048 0.05336312 
-0.47781688 0.16505668 0.02572537 0.02248052 
0.21146483 0.21659273 0.20224712 0.13513749 
0.00755675 0.22839107 0.46974741 0.24779218 
b1
0.16014938 -2.06299373 5.17075025 2.95769274 
w2
2.71646103
-9.53970293
1.05673488
1.35284630
b2
10.37475082
errfunc linear