nlayers 2
nin 418
nhidden 4
nout 1
nwts 1681
w1
0.16482742 0.08351751 0.01507135 0.03603446 
-0.13355366 0.17274067 -0.08312989 0.03244141 
0.04665361 0.11050798 -0.10838591 -0.09443229 
-0.00819100 0.02281733 -0.07227181 0.03490052 
0.10536193 0.05259041 -0.06359299 -0.11601600 
-0.03107467 0.04882499 0.00559215 -0.08777220 
0.01259171 0.02657424 -0.10137289 -0.13218130 
0.02084306 0.02156378 -0.01813932 0.04889516 
-0.00140351 0.09482690 -0.05251694 -0.07197882 
-0.06713031 0.04245444 0.04219999 -0.10602516 
0.09132981 0.10760983 0.01096877 -0.10408781 
-0.03259542 0.02624257 0.10901644 0.01977347 
0.14923998 0.06657710 -0.07634628 -0.16172604 
-0.01869152 -0.04638092 -0.00140365 -0.00511457 
0.02392369 0.13850334 -0.11255668 -0.10653828 
-0.07200933 0.01003254 0.02674578 0.01217819 
0.02928005 0.17429135 -0.16082111 -0.09027796 
-0.03473037 -0.02360105 -0.00495649 0.04877811 
0.13517888 0.07240993 -0.13601657 -0.04532104 
-0.01718048 0.02093903 0.01804413 0.00833039 
0.05017949 0.07632658 -0.14546364 -0.06807684 
0.04244585 -0.01828321 0.06460245 -0.02168440 
0.10093849 0.04186454 -0.07292830 -0.08316644 
-0.06342451 0.02265305 -0.01339798 -0.03025482 
0.05129568 0.09474800 -0.14286985 -0.07499821 
-0.15756335 0.01646293 -0.05463491 -0.01806241 
0.06573177 0.05260889 -0.00771510 -0.09807095 
-0.06673995 -0.06070251 0.06655624 -0.01809462 
-0.07219547 -0.00876503 -0.02986436 -0.13447682 
-0.12694863 0.07904895 0.04170859 0.07667003 
-0.07410789 0.14665511 -0.04854934 -0.11103633 
-0.18856637 -0.03448270 0.04408869 -0.02614846 
-0.02049606 0.10138236 0.01422308 -0.03688951 
-0.02701629 0.02757684 0.12211077 -0.00610634 
-0.03359380 0.09028750 -0.01035788 -0.11629265 
-0.11568129 0.03140993 0.04244920 -0.00829535 
-0.01357251 -0.02194080 0.04212756 -0.12060753 
-0.19626983 -0.04017914 0.01162534 0.02929154 
-0.02585300 0.06441152 0.08853800 -0.07895296 
0.06964121 0.07727523 0.05787069 0.07422645 
0.04837015 0.03337083 0.06999712 0.06558979 
0.09838218 -0.04733499 -0.05321443 0.00786124 
0.00762024 0.00313348 0.01949340 -0.00715393 
0.03744482 0.01517480 -0.01890064 -0.13898163 
0.05208207 0.05360612 0.01995686 0.02670426 
-0.12941447 -0.01404611 -0.07072736 -0.08319311 
0.04409950 0.01241381 0.07843941 0.00231133 
0.04387331 0.04826900 -0.00914136 0.02891449 
-0.05745513 0.08253528 -0.02665103 -0.01090741 
0.05336941 -0.02791434 0.06475878 -0.03996162 
0.03317729 0.00786423 0.01883333 -0.05933740 
-0.04677204 -0.00309901 -0.02250053 -0.06697909 
-0.09774083 0.00287557 -0.02687406 -0.00225327 
-0.03445321 0.04351353 -0.04292050 0.02375485 
0.02034281 0.02664484 -0.02111272 -0.05863515 
-0.03338706 0.04454243 0.04236490 0.03810865 
-0.09646742 0.04818437 0.03065853 -0.06491263 
0.00603012 0.04811426 0.00642265 -0.10729493 
-0.05881148 0.02721154 0.01737911 0.03383352 
0.07603624 -0.07952814 0.02841047 -0.01359909 
0.01679665 -0.03842287 -0.00852867 -0.03336892 
0.06665115 -0.02989395 -0.00684549 -0.05628896 
-0.00155205 0.02228839 0.01938406 0.05764978 
0.04835414 -0.01163894 -0.01030119 0.03896971 
0.10668734 0.05986682 -0.03929167 -0.03005057 
-0.11354182 0.07193535 -0.06765392 -0.05405197 
0.06298739 -0.10469979 0.08668384 -0.06503889 
0.01210560 0.06093371 -0.01888018 -0.01444961 
-0.06816714 0.11730824 -0.02761295 -0.03559714 
-0.01425594 0.07945760 0.00077100 0.02098918 
0.03376178 -0.03162067 0.02052876 -0.04004653 
-0.04475146 -0.02932420 -0.05914268 -0.00399366 
-0.11138641 0.02251225 -0.05566291 0.02251299 
-0.01888771 0.05371693 0.03914690 0.00006332 
0.04318063 0.06109376 -0.02994536 -0.07956392 
-0.02323181 0.10982932 0.02664051 0.01907401 
-0.10979302 0.03079220 0.03511708 -0.06860858 
0.07857262 0.07631855 0.00767382 -0.04464906 
-0.02847753 0.00637049 0.04608924 -0.08519617 
0.09682341 -0.00218429 -0.01916271 -0.03963222 
0.03665643 0.01721418 -0.02949679 -0.00929280 
0.09164428 -0.00779623 -0.01547239 -0.03344557 
0.03047882 0.05453824 0.03146974 -0.11094680 
0.00253213 -0.00413771 -0.01602713 -0.01872211 
0.09075233 0.03453532 -0.09270273 -0.04623205 
-0.08560198 0.07413975 -0.03830443 -0.07460403 
0.05795685 -0.01320631 0.05864267 -0.01812533 
0.02319250 0.11049369 0.00226876 0.02960822 
-0.03982719 0.06504001 -0.06345779 -0.06567578 
-0.08376240 0.10629293 0.02931379 -0.00482117 
-0.01968307 0.01857579 0.03566841 0.07992426 
-0.08034816 0.08060892 -0.04224472 -0.00827166 
-0.08696500 0.09009716 -0.05567982 0.04713882 
-0.02859657 0.06656445 -0.02567989 0.05155293 
0.07625218 0.07108408 0.02453799 0.03559755 
-0.04163317 0.05089303 0.05368442 0.03224812 
-0.05048676 -0.03485373 0.01390988 -0.12722151 
0.01402284 -0.02456285 0.00418300 -0.04483908 
0.00641212 0.06890657 0.04478177 -0.13202252 
0.04229191 -0.07102723 -0.06269913 -0.00733406 
-0.01032658 0.04699752 -0.05225278 -0.02743302 
0.07255672 0.05914500 -0.10318754 0.00133915 
0.07448232 0.08928349 0.06078431 -0.10528330 
0.00256850 0.05334320 -0.01454231 -0.04344828 
0.08900989 0.07602390 -0.00640206 0.01265660 
-0.07909097 -0.02506180 -0.04481003 0.04719758 
0.01658811 0.04554689 0.09390390 -0.04414954 
0.02446991 0.05250248 -0.09861398 0.04426442 
-0.08344138 0.09208135 0.01176843 0.04701817 
-0.03097948 0.07981801 -0.01006959 0.03999069 
-0.01256828 0.09936448 0.02092033 -0.05235454 
-0.06926883 0.07619610 -0.01697622 -0.02077759 
-0.09407069 0.08100126 -0.05135960 -0.02357057 
0.01117617 0.02580587 -0.03603044 0.03798031 
0.03560666 0.07433556 0.02287923 -0.10946205 
-0.04650973 -0.01712842 0.02049399 -0.00545156 
-0.00217067 0.11269589 0.00071738 -0.06743527 
0.07112426 -0.02081323 0.08042906 0.07111837 
0.00743639 0.08469146 0.04104989 0.00000983 
0.04789857 -0.03666043 -0.04072901 -0.09318449 
-0.01010962 0.07319701 -0.04066442 0.01260076 
0.13503724 0.03588218 -0.04810016 -0.12692961 
0.07154008 -0.06346777 0.09868315 -0.02135670 
-0.04801710 0.05978813 -0.06925102 0.03465236 
0.04084403 0.01258480 -0.05507094 -0.02790932 
-0.04650864 0.13664891 -0.03061570 0.02341532 
0.03598034 0.00588077 0.07980446 0.01271579 
0.07065771 0.07074823 -0.00652179 -0.06012239 
-0.13320663 0.06353015 -0.00870624 0.03909505 
-0.00415543 0.05703544 -0.05422706 -0.10960415 
0.05041387 0.06741727 -0.00123857 -0.00982560 
-0.13750142 -0.05671456 0.00371291 -0.05610636 
-0.09236454 -0.05416606 -0.05967519 0.04621796 
0.01238469 0.02310999 -0.01533609 -0.07984788 
0.05872326 0.04479372 0.04831915 -0.06636906 
-0.05199857 -0.01791846 0.00478127 -0.03768889 
0.00025624 -0.03351629 0.00598333 -0.03125986 
-0.00399820 0.00631500 0.07405744 -0.00421227 
0.00435294 0.08742411 0.05979924 -0.00759121 
0.10171446 -0.00124204 -0.10369840 0.00775272 
0.02069870 0.03208992 -0.03869546 0.01343048 
0.18213413 -0.00026325 -0.10522995 -0.04389117 
0.02766506 -0.10375834 0.11399264 0.10923326 
0.03414102 0.01369686 -0.06761248 -0.05628944 
-0.00292286 0.01477532 -0.03809718 -0.01014681 
-0.05698662 0.11983881 -0.01822633 -0.08230804 
0.01174003 0.03526677 0.00791327 -0.01775423 
0.00763973 0.02937972 0.03039913 -0.06506768 
-0.08981505 0.09655621 -0.01365926 -0.08789303 
-0.02869037 0.03041037 -0.02558351 -0.10690044 
0.05637278 0.04186472 0.00917976 0.03665703 
-0.16885962 -0.01707735 0.02021691 0.00454384 
-0.00625745 0.01565758 -0.03310407 0.02293877 
0.02652554 -0.04292920 -0.08150196 0.08862847 
0.10448117 0.01804853 0.09119090 -0.12631319 
-0.05759051 -0.09290003 0.00185933 0.05248621 
0.02863453 0.03013346 -0.00073492 -0.02022211 
-0.03218527 0.04168553 0.03481209 0.00507797 
0.00865580 0.03851079 0.09744069 -0.05212837 
0.09043941 -0.04322238 -0.09482483 -0.10084457 
0.04210937 0.02195666 -0.04240686 -0.03721095 
0.10507324 -0.02921475 -0.11391561 -0.05411343 
-0.00753452 0.07805087 0.10717817 0.02305411 
0.03963499 -0.00281774 -0.06012098 -0.05220526 
0.05959510 -0.04727643 -0.04588664 -0.08407560 
-0.04532848 0.07654668 -0.01933566 0.00787992 
-0.01478401 -0.05822148 -0.00265906 -0.03501835 
0.04049959 0.02515016 0.08593802 -0.00966457 
-0.06837510 -0.07549951 -0.03432814 -0.00972122 
-0.03504240 0.10057555 -0.06432839 -0.04850197 
0.05121400 0.12337704 -0.01307311 -0.06496139 
-0.18015481 0.01488597 0.01239522 -0.03015891 
-0.03216049 0.00346771 -0.09037565 -0.01125903 
0.02026113 0.04328225 -0.06249368 0.00981034 
0.07810366 0.13155745 0.04556604 0.06093874 
-0.04951219 0.07054755 -0.03704177 -0.06043150 
0.04060301 -0.07553077 0.00288867 -0.06264959 
-0.01472653 0.01656855 0.03462700 -0.05601317 
-0.02160426 0.02303200 0.06063924 -0.06024144 
0.05861600 0.03453086 -0.12285899 -0.01409026 
0.05073599 0.07150824 -0.08519800 0.02907956 
0.13714467 0.03120731 -0.12055423 0.00869966 
0.02184738 0.06059692 0.10546089 -0.04224878 
0.05587048 0.05839626 -0.00720580 -0.11903879 
-0.02468218 0.06698062 -0.05135639 0.03151507 
-0.01837172 0.03331256 -0.02799243 0.06374909 
-0.02926371 0.06060277 -0.02714633 -0.07063653 
0.06598523 0.05675294 0.04818430 0.02390695 
-0.14358232 -0.00867331 -0.01143198 -0.10061341 
0.03117865 0.01256576 -0.03551092 -0.03188617 
0.13309530 -0.00312171 -0.00399571 -0.04568707 
-0.18250042 0.02571012 -0.02532518 -0.08115655 
0.01589374 0.07581712 -0.09116679 -0.04923461 
0.04146292 0.02367274 -0.02198899 -0.04897606 
0.06878627 0.00007073 0.06261601 0.01523111 
-0.07584061 0.00873494 -0.06958108 -0.02418655 
0.04024589 0.08852803 0.01335237 -0.07037969 
-0.02788502 0.13014565 0.04209865 -0.06274996 
-0.07079624 -0.01069513 0.08946267 -0.06118670 
0.05759720 0.02245698 -0.15999185 -0.02452402 
0.06081024 0.02659099 -0.07961035 -0.01878510 
0.21095511 -0.04537461 -0.07975672 -0.06889629 
-0.01761691 -0.03882024 0.11427795 0.03684906 
0.04617213 0.02215369 -0.08789806 -0.01018852 
0.06404874 0.04320813 -0.02592135 -0.04509007 
0.00993945 0.03967568 -0.01601924 -0.07066144 
0.04354982 0.02152168 -0.01472897 -0.03431351 
0.02261469 -0.00834160 0.05236683 -0.02467561 
-0.14638479 0.01032565 -0.00952995 -0.03518137 
0.05612566 0.10600463 -0.03026714 -0.06480947 
0.11244440 0.11932620 0.01895655 0.00501927 
-0.23859575 -0.01495965 0.02324048 -0.17581875 
0.11667718 0.05922621 -0.06613057 0.00136660 
0.06516943 0.12004037 -0.08530798 -0.08713450 
0.06372636 0.02425197 0.07103549 -0.05839129 
-0.05851914 0.10717101 -0.06321260 0.01091759 
-0.00035400 0.03269947 -0.03116356 -0.00339158 
0.01903478 -0.00583342 0.04991299 -0.01420583 
-0.07066942 0.01733277 0.06093530 -0.05796517 
0.05923238 0.03216399 -0.18605186 0.02231630 
0.15641384 -0.01119968 -0.05017868 -0.06695107 
0.26599228 -0.01023777 -0.11578404 -0.01176136 
-0.04502801 0.01001666 0.12137017 -0.05948779 
0.04892695 -0.01693255 -0.13927951 -0.06923941 
0.05284195 0.14159759 -0.01281937 -0.03370813 
0.03792431 0.08158971 0.00921054 -0.01339068 
0.08885419 0.09742648 -0.06448451 -0.04963220 
-0.00195917 0.06939867 0.03373770 0.00345517 
-0.24214276 0.01875294 -0.00610695 0.02481093 
0.06990951 0.06551688 -0.10061198 -0.07157671 
0.13008574 -0.04499462 0.02770654 -0.07130630 
-0.29645719 -0.03271126 0.02116627 -0.01063630 
0.12993544 -0.00883116 -0.07402975 0.01906999 
0.02309350 0.11227851 -0.05027853 -0.03994912 
0.01878671 0.04553759 -0.00376071 -0.05124047 
-0.11860278 0.06560135 -0.08408449 -0.01993910 
0.00477009 0.04904515 -0.04645818 -0.01474728 
0.05679489 -0.03695261 0.09576785 -0.09082272 
-0.11294480 0.02656492 0.06683200 -0.07742901 
-0.01313409 0.04630550 -0.14204210 -0.04300009 
0.05625645 0.11033655 -0.10289056 -0.07851576 
0.21877127 -0.01870423 -0.03013084 -0.03638571 
-0.05707671 -0.01746572 0.07547583 0.01396197 
0.02638685 0.05615551 -0.05092802 -0.05890481 
0.02288928 0.09406564 -0.06184406 -0.05051726 
0.08255408 0.04383536 0.00241203 -0.07577951 
0.01112291 -0.06307737 -0.11642265 -0.01032891 
0.05868050 0.07312736 0.04655269 -0.04175622 
-0.16592212 -0.01554156 -0.04583209 -0.01084196 
0.06103888 0.06325987 -0.03389206 -0.05143428 
0.08599962 0.07342118 0.05456544 -0.06774265 
-0.30077889 -0.01315709 0.01729467 -0.03089457 
0.08373837 0.07123945 -0.04085647 0.02514430 
0.01170920 0.13295434 -0.08796280 -0.00698702 
0.02102808 0.00035509 -0.00985563 -0.00131355 
-0.05445889 -0.08297595 -0.10883942 -0.00553391 
0.02744563 0.02889455 -0.01291238 0.01893603 
0.00139579 0.10067885 0.05352066 -0.03324584 
-0.13906421 -0.04446716 0.01009945 -0.06769574 
0.02394178 -0.03152380 -0.12244254 0.02401334 
0.13378005 0.05331647 -0.05555074 -0.00176861 
0.15655455 0.00184006 -0.07682785 -0.04339525 
-0.00211479 0.03137253 0.10262657 -0.02612009 
0.01568564 0.03982112 -0.01324348 -0.06612315 
0.02344258 -0.03032875 -0.01077061 0.08273200 
0.07446441 0.07071799 0.01441705 0.02675797 
-0.03513368 0.05791042 -0.10809204 0.05914847 
0.00145368 -0.02152671 0.04547166 -0.06700373 
-0.14194000 0.02056230 0.00280321 -0.05030561 
0.02070736 0.03317655 -0.06878845 -0.04752852 
0.07239100 0.01864664 0.01484175 -0.02594331 
-0.24223913 0.06837853 0.02665471 -0.01960383 
0.13468534 0.10875996 0.00431069 -0.01264604 
-0.00215041 0.08628824 -0.05777518 -0.03629813 
0.06269052 0.04302178 -0.02236429 -0.06428927 
-0.05339796 0.03726279 -0.08681479 -0.07942362 
0.07517195 -0.05469941 0.00127692 -0.01887285 
-0.00497698 0.04364090 0.06041275 -0.08414419 
-0.14567535 0.02700953 0.04773339 -0.06755837 
0.04503480 -0.01363476 -0.12765192 -0.05529462 
0.13372746 -0.01876653 -0.05733768 -0.08829510 
0.10233330 0.03344052 -0.06383655 -0.02557832 
-0.07325928 -0.08040923 0.07555512 -0.06615610 
0.07526177 0.02737548 -0.06963742 -0.03883210 
0.05206561 0.04755196 -0.01435652 -0.03507575 
0.04115348 -0.00714878 -0.00045622 -0.04165489 
-0.05678517 0.02144005 -0.14088034 -0.02165269 
-0.00662861 0.01062748 0.08286470 0.01526236 
-0.16256962 0.01268160 -0.01536862 -0.09859385 
-0.02450031 0.11024410 -0.08033137 -0.04738670 
0.09583270 0.09805369 0.03398890 -0.00358432 
-0.23895458 -0.00021182 0.06095160 0.02477197 
0.09763791 0.03206131 -0.01032901 -0.05281056 
0.02917800 0.03276540 -0.04486014 -0.12843492 
0.05413626 0.09068303 -0.01320977 0.01683985 
-0.03473168 0.01689974 -0.08893690 0.01261581 
0.02918243 0.01220361 -0.00837230 -0.03850976 
-0.00370459 -0.07685007 0.00904532 -0.09384099 
-0.10829951 0.01618228 0.03361481 -0.08517417 
-0.01684422 0.03187449 -0.09655703 0.05703109 
0.12349500 0.06016388 -0.10413474 0.00788967 
0.13991316 0.04211768 -0.09796894 0.01051030 
-0.06195186 -0.00060290 0.09891532 -0.05202203 
0.10260130 -0.02990601 -0.01231995 -0.09412574 
-0.03404465 0.03710004 0.03915939 0.01470890 
-0.02252969 0.05710383 -0.02781738 -0.08400138 
-0.06727560 0.01943262 -0.11189240 -0.03629393 
-0.10446508 0.12837998 0.11089246 -0.01391542 
-0.15046482 -0.04039389 -0.05123549 -0.06208075 
0.02827207 0.02854751 -0.11559182 -0.04780795 
0.08880088 -0.03919612 0.04526833 -0.06335278 
-0.19669657 0.10284631 0.07757749 -0.11098244 
0.04000312 0.09587720 -0.00344736 0.03603853 
-0.00717970 0.05990301 -0.04501955 -0.01648324 
0.10684468 0.03245040 -0.02205693 -0.09087151 
-0.00273277 0.04256292 -0.06520350 -0.09273272 
0.01198355 0.08710870 -0.02057423 -0.11573175 
0.04472362 0.08677281 0.00267244 -0.07307183 
-0.11459141 0.11529120 0.00659375 -0.04306423 
0.06175208 0.09899034 -0.10596789 -0.06640746 
0.08743526 0.09110913 -0.05619937 -0.00856794 
0.07105592 0.02742487 -0.05886358 -0.00771202 
-0.03115948 0.05618752 0.08803920 -0.08941980 
0.04553108 -0.04210663 0.01522134 -0.09359984 
0.00456973 -0.05025146 0.02075636 -0.03055204 
-0.04135936 0.10956102 -0.03290007 0.02339829 
-0.06765285 -0.02643140 -0.05349696 -0.06560849 
-0.05524765 0.09549064 0.06663253 -0.01201699 
-0.18336215 0.03324280 -0.02966639 -0.03673384 
-0.06587734 0.04249486 -0.11253121 0.01925794 
0.11352483 -0.00003320 0.02854828 -0.06506896 
-0.17357537 0.02333357 0.06243133 -0.05948262 
0.01470551 0.07875124 0.02461528 0.01912730 
-0.04020049 0.10647953 -0.04539973 0.02918169 
0.09756481 0.03329174 -0.01336638 -0.05714231 
0.01105350 -0.02560760 -0.03529932 -0.00666080 
0.00754104 0.00315631 0.01674219 -0.01910828 
0.02930734 0.06123826 0.04004830 -0.03688342 
-0.08834896 -0.03308675 -0.01045842 -0.06215191 
0.00555419 0.04425016 -0.07075049 -0.12171338 
0.07493093 0.00887905 -0.04172409 -0.14725810 
0.07645568 0.11611558 -0.09648276 -0.08883509 
-0.01336493 0.04801516 0.07193073 -0.02584921 
0.01099580 0.02645213 -0.02591216 -0.06866307 
-0.01257135 0.05103339 0.03778886 -0.02969755 
-0.06171475 0.08009452 -0.05674572 -0.04087490 
-0.05441402 0.00484290 -0.02396874 -0.11215917 
-0.09149475 0.05159267 0.04718602 -0.05895604 
-0.16190496 0.05466014 0.00441083 0.01141871 
0.01817238 -0.05207009 -0.05192379 0.03642745 
0.08052689 0.13394996 0.00595502 -0.02881711 
-0.18971879 0.02494361 0.00570871 -0.01904019 
0.02271036 0.05961133 0.06780122 -0.02425801 
-0.04335836 0.00447012 -0.02063193 -0.06354087 
0.02602873 -0.02671708 -0.04496515 -0.06157666 
0.01898472 0.07112850 -0.03689285 -0.04460416 
0.05291094 0.04035411 0.07778942 -0.09007230 
0.06122681 0.00833015 0.04004886 -0.01438970 
-0.09146155 0.08378619 -0.01986149 -0.01141216 
0.03256206 -0.04633716 -0.09304274 0.00975868 
0.00871127 0.01485018 -0.08945432 -0.04073573 
0.12293865 -0.06535215 -0.08835784 -0.07650648 
-0.00276453 0.07573282 0.09214699 -0.05366724 
0.03891817 0.03561159 0.05487088 -0.02221030 
-0.06978887 0.10662606 -0.01733841 0.03470511 
-0.06566806 0.08512408 -0.07175327 -0.01195649 
-0.08137372 -0.01566410 -0.02285032 -0.07132694 
-0.08969373 0.04627416 0.01280665 -0.09700429 
-0.23851752 -0.00109008 -0.04038350 -0.09020551 
-0.02766413 0.04358639 -0.08106204 -0.02952209 
0.06536973 0.06995654 0.03507389 -0.09228738 
-0.12011915 0.03799831 0.00537071 -0.09682572 
-0.03254980 0.07544695 0.02861537 -0.03047431 
-0.05195839 0.05143947 0.03618924 0.02611866 
0.05398916 0.07924178 -0.03094606 -0.01973683 
-0.05274506 -0.03184523 -0.05675667 0.00082701 
0.04458904 -0.07904031 0.07002726 -0.06760570 
0.04604810 -0.14158700 0.02629438 -0.08988957 
-0.07954997 0.03316738 -0.05482290 -0.04411118 
-0.01816805 0.01103386 -0.11213384 0.01753910 
-0.00540343 -0.00730874 -0.04625890 -0.00636915 
0.11257115 0.10796087 -0.04964509 -0.03648477 
-0.01357893 0.09327946 0.10225072 0.03681165 
0.03146245 0.10111889 0.05976628 -0.01176798 
-0.05862264 0.00211831 -0.03360363 0.03225354 
-0.10309253 0.04527440 -0.06062067 -0.05789781 
-0.02098574 -0.07033907 0.04454197 -0.10596624 
-0.00860650 0.03650534 0.01891035 -0.08004024 
-0.22441058 0.05197705 -0.00285940 -0.01609570 
-0.02209725 0.02733793 -0.03757516 0.05953172 
0.05727507 -0.01360962 -0.00899409 0.01839714 
-0.12078110 0.13657525 -0.03511223 0.02288658 
-0.04994831 -0.02766032 0.03747608 0.00518895 
-0.04353044 0.00148564 0.05053776 0.05352865 
0.06089954 0.03440166 -0.01869601 -0.04771151 
-0.00764767 0.04213485 -0.02722241 0.01227626 
0.05744571 -0.01578434 0.05872646 -0.02992034 
0.01658700 0.02000700 0.02792179 -0.08603223 
-0.05100144 0.01439413 -0.02062873 -0.05462316 
-0.05301386 -0.02304242 -0.01107368 -0.06619426 
0.01633605 0.01258973 -0.02734268 -0.04279131 
0.02874354 0.01169519 -0.07542770 0.09466380 
0.01963006 -0.02797781 0.10867793 -0.09885385 
0.03129883 -0.03576511 0.08144658 -0.10196842 
0.00848090 0.01434395 0.04435582 0.04933838 
-0.09082918 0.03933942 -0.06268999 0.00544286 
0.02464648 0.06849069 0.04101032 -0.01569737 
-0.03622184 0.02881549 0.07763821 -0.00896045 
-0.18088615 -0.00600462 -0.01972269 -0.01114370 
-0.03314237 0.05068546 -0.03335961 0.03826084 
0.08176199 0.09078331 0.00853294 -0.04331618 
-0.08656882 0.01028801 -0.07897303 -0.07130374 
-0.05389022 -0.06963524 -0.00718952 -0.09947941 
-0.02591400 0.09012936 0.04568765 -0.12470960 
0.04235259 -0.02228181 -0.03547316 -0.16286757 
0.00747718 -0.08214824 0.01349417 0.09666525 
0.01418471 -0.03414676 0.04347831 -0.06029798 
0.03879945 0.03200161 0.00448894 -0.04235139 
b1
0.09060879 0.08280857 -0.02041001 0.01628695 
w2
5.13615103
5.35727829
-5.18030962
-5.09666578
b2
4.38766557
errfunc linear