nlayers 2
nin 380
nhidden 4
nout 1
nwts 1529
w1
-0.03425675 0.15797619 -0.48819505 -0.55960039 
0.01845193 -0.00645164 -0.27945501 -0.42649781 
0.03597380 0.15274448 -0.26562083 -0.36537917 
0.00617190 0.10950398 -0.16371105 -0.29666738 
0.01040005 0.08966190 -0.22937269 -0.26470857 
0.01687985 0.12744622 -0.26892770 -0.48505369 
0.11609826 0.03187519 -0.25380385 -0.28379863 
-0.02094295 0.07115126 -0.29666856 -0.50362134 
0.00801970 0.18885713 -0.19913023 -0.38701628 
0.05256131 0.16194703 -0.43394809 -0.54321382 
-0.04105274 0.15751342 -0.40005710 -0.63137506 
-0.02006796 0.06016646 -0.25242807 -0.41571659 
-0.03869251 0.13791247 -0.43202060 -0.63500875 
0.02765564 0.15046120 -0.29412009 -0.46178160 
-0.03310446 -0.00424160 -0.20833117 -0.24537912 
-0.06071539 0.25178807 -0.42303733 -0.51923757 
0.01146078 0.23900389 -0.32504348 -0.54874110 
-0.00706909 0.15048279 -0.18246786 -0.40388313 
-0.10580612 0.11554432 -0.30602490 -0.49442358 
-0.04076481 0.24795844 -0.50874986 -0.66848964 
-0.03907671 0.16267229 -0.40290730 -0.67487558 
0.02647550 0.05421801 -0.31386088 -0.43444559 
0.03068449 0.10151908 -0.26070384 -0.38931656 
0.02066412 0.05569517 -0.18991576 -0.37836794 
0.00613505 0.05555358 -0.18256512 -0.37440566 
0.02743208 0.08890581 -0.31696107 -0.53571899 
0.11253803 0.07152799 -0.24640229 -0.34481335 
-0.02418356 0.21886405 -0.31157709 -0.28998563 
0.02085247 0.12310048 -0.34360423 -0.37634529 
0.03947803 0.17478835 -0.41405229 -0.57565382 
-0.02433445 0.17477234 -0.35240381 -0.59896562 
-0.00434864 0.00429453 -0.20984547 -0.42904803 
-0.04281265 0.13412986 -0.35280230 -0.54527716 
0.02145746 0.18387373 -0.30152608 -0.49699156 
-0.01753492 0.07314202 -0.22456863 -0.26636428 
-0.03229340 0.17335050 -0.34666997 -0.53028602 
0.00731365 0.21995142 -0.38707207 -0.46919885 
0.00352270 0.08310377 -0.18556378 -0.42022948 
-0.10497809 0.10347223 -0.33883871 -0.44254368 
-0.02441285 0.12425373 -0.41648761 -0.56069217 
-0.02531469 0.30849991 -0.38089373 -0.52320096 
0.04869536 0.08063245 -0.22348973 -0.38972079 
0.04514967 0.16390611 -0.37959077 -0.46436516 
0.06301380 0.05615376 -0.35013769 -0.41168481 
-0.00460763 0.09814035 -0.12313831 -0.22058239 
0.01395405 0.14860435 -0.34984276 -0.36636299 
0.09512158 0.10805898 -0.30756030 -0.32290552 
-0.03653456 0.15380782 -0.27293229 -0.34447506 
0.03525397 0.17049598 -0.14653312 -0.26734297 
0.04108608 0.14002476 -0.30647674 -0.63403999 
-0.03258131 0.12176619 -0.36993701 -0.53493174 
-0.00953020 0.04773917 -0.14764343 -0.42183205 
-0.04966104 0.10222097 -0.46959289 -0.55401001 
0.00651368 0.20210003 -0.37669880 -0.51839106 
-0.00291941 0.01196860 -0.18610397 -0.22803091 
-0.02566730 0.21246971 -0.38436093 -0.49403832 
-0.00750078 0.15320136 -0.31521793 -0.52771400 
-0.01904315 0.13520410 -0.21549931 -0.26434561 
-0.07729170 0.14073494 -0.15690003 -0.43622685 
-0.03193347 0.25385161 -0.47073640 -0.54761562 
-0.01572428 0.16405270 -0.38358708 -0.57886314 
0.05670058 0.07519934 -0.25638005 -0.44109702 
0.03836333 0.14555645 -0.22137893 -0.35410182 
0.09461002 0.12861052 -0.21615078 -0.32965903 
-0.00884991 0.10711000 -0.19106282 -0.19624253 
0.00520331 0.20809285 -0.26152063 -0.41314328 
0.05306937 0.18744022 -0.27555828 -0.42970177 
-0.04050034 0.05879281 -0.23020930 -0.35608093 
0.02588077 0.05803582 -0.26498268 -0.39101510 
0.03864847 0.23101213 -0.39025787 -0.57474764 
-0.04472928 0.21916314 -0.39294046 -0.53345109 
-0.00908685 0.09664997 -0.31044297 -0.37382015 
-0.03009431 0.22219215 -0.29247002 -0.61830506 
-0.03788412 0.11713932 -0.39253096 -0.47968659 
-0.01160658 0.14087590 -0.21652955 -0.18864916 
-0.00539258 0.17166488 -0.34507094 -0.55879641 
-0.01226239 0.12146152 -0.35020759 -0.51500789 
-0.01883542 0.11433255 -0.29493415 -0.36351320 
-0.04975560 0.18347032 -0.25249938 -0.45976935 
-0.04230786 0.15067291 -0.35005314 -0.60476261 
-0.01940634 0.15846270 -0.45401739 -0.58263870 
0.06153755 0.11959104 -0.34662929 -0.41667367 
0.03774282 0.23913367 -0.25980297 -0.44998733 
0.13054432 0.06952554 -0.28084758 -0.38465555 
-0.02269445 0.01775617 -0.15298842 -0.30382271 
0.00171011 0.12344310 -0.30245881 -0.47076551 
0.04251799 0.11023464 -0.28515807 -0.44092641 
-0.03254480 0.15342432 -0.24698551 -0.36613670 
0.03804219 0.06566116 -0.24949299 -0.41020955 
0.00906646 0.15288284 -0.34272720 -0.54033456 
-0.05190417 0.12142517 -0.26840310 -0.51704447 
0.00463693 0.13999623 -0.26590704 -0.42747298 
0.00487256 0.19578107 -0.42483911 -0.50801242 
-0.07151500 0.16230499 -0.38045169 -0.57796250 
-0.00027781 0.09061905 -0.13990376 -0.36939233 
-0.01052810 0.15295475 -0.30842742 -0.45413090 
-0.00523542 0.04718855 -0.34384803 -0.49112034 
-0.00526096 0.03339567 -0.30211366 -0.38990454 
-0.03824789 0.14006060 -0.26285912 -0.45450867 
-0.04255420 0.23452843 -0.45403544 -0.49552318 
-0.02732051 0.22344400 -0.35069318 -0.59254879 
0.07875890 0.06128489 -0.30499956 -0.35039317 
0.04667786 0.11446918 -0.26415874 -0.37456415 
0.14088925 0.07068105 -0.16366826 -0.30413999 
-0.03040729 0.07718634 -0.20477234 -0.21608350 
0.03082011 0.09505339 -0.29268558 -0.39572036 
0.06311724 0.13865394 -0.23152150 -0.39290922 
-0.04723151 0.08745095 -0.27395143 -0.40933524 
0.04886096 0.12646843 -0.26035558 -0.39894485 
-0.01677456 0.25034359 -0.28320375 -0.59057126 
-0.05527231 0.17778597 -0.38264986 -0.57981537 
0.00042056 0.14713605 -0.22285231 -0.50046423 
0.02906656 0.06561077 -0.44563922 -0.67872098 
-0.09611700 0.14868599 -0.30703706 -0.46145361 
0.02493112 0.09960247 -0.29181245 -0.35921482 
0.01867738 0.16207458 -0.41211079 -0.56495874 
-0.01043981 0.07874779 -0.40256646 -0.45820534 
-0.00035168 0.01860576 -0.22507427 -0.36209280 
-0.03515698 0.09544204 -0.30881020 -0.47899314 
-0.06027864 0.15329420 -0.29541652 -0.50348162 
-0.03406030 0.27971318 -0.42966431 -0.53953643 
0.09719150 0.02361659 -0.26301954 -0.36599099 
0.05765819 0.00089383 -0.24599624 -0.43462177 
0.12799967 0.24111334 -0.31761716 -0.43322528 
-0.04718378 0.06838688 -0.06569617 -0.21003386 
0.03519634 0.11151692 -0.29741753 -0.45292197 
0.06540650 0.12546513 -0.21067317 -0.42100621 
-0.05385440 0.03039060 -0.30178466 -0.40326632 
0.04073638 0.10559387 -0.29456067 -0.32403473 
-0.01630955 0.15546108 -0.36344888 -0.54459638 
-0.07332355 0.14603257 -0.29487998 -0.59705504 
-0.02511667 0.07849800 -0.26991992 -0.42537063 
0.04429705 0.17587845 -0.34758548 -0.50917023 
-0.10190317 0.06463283 -0.39943818 -0.56419602 
0.03195447 0.13430030 -0.14145972 -0.27768427 
0.03369737 0.14611279 -0.32790479 -0.58099997 
-0.01440196 0.09149638 -0.30637792 -0.50257438 
-0.01025770 0.09687431 -0.24130935 -0.35889906 
-0.01484188 0.03132845 -0.28296186 -0.49961857 
-0.05605243 0.11211918 -0.31997875 -0.45974944 
-0.04957230 0.20108867 -0.38493184 -0.51684693 
0.08821428 0.06552252 -0.24861574 -0.32762453 
0.06911010 0.13237341 -0.33725761 -0.38791871 
0.13631237 0.19070695 -0.20810722 -0.29543109 
-0.04684038 0.15609370 -0.25447120 -0.19072114 
0.02870462 0.03631699 -0.18597337 -0.46035796 
0.05294770 0.13590856 -0.19960687 -0.46399406 
-0.03106846 0.06961526 -0.19529940 -0.32164982 
0.03903133 0.09440516 -0.27036945 -0.35660647 
-0.00519806 0.16614275 -0.19678246 -0.60237971 
-0.05870274 0.14752623 -0.34499344 -0.58613763 
0.00156325 0.12205409 -0.30668051 -0.33880658 
0.03444379 0.16948278 -0.38875596 -0.56137543 
-0.11559422 0.16868705 -0.23537431 -0.48268771 
0.04843692 0.09838365 -0.20980827 -0.35736585 
0.04570950 0.13121483 -0.33002239 -0.43391831 
-0.01894703 0.14493868 -0.47760661 -0.53604410 
-0.00010603 0.13227956 -0.21772680 -0.35315487 
0.00577887 0.16952811 -0.25735992 -0.45904277 
-0.04358715 0.21017321 -0.36500256 -0.53530166 
-0.07261236 0.17681825 -0.41286113 -0.54609145 
0.09300144 0.13644293 -0.25621961 -0.42515545 
0.06803641 0.13534708 -0.32116960 -0.39127346 
0.16392365 0.09789004 -0.22486425 -0.42932479 
-0.06020324 0.16350480 -0.13897636 -0.26388727 
0.03681862 0.14086355 -0.21887984 -0.35518907 
0.07153841 0.13340139 -0.31016088 -0.29801222 
-0.01776657 0.14518188 -0.29232661 -0.39106083 
0.06390427 0.10261314 -0.24330773 -0.39234265 
-0.01770760 0.13760713 -0.38280238 -0.54136376 
-0.07451507 0.10135225 -0.46849592 -0.56787979 
0.03832532 0.15066404 -0.31512370 -0.45201643 
0.03149338 0.24002013 -0.30117928 -0.52669213 
-0.14930213 0.19615871 -0.33100367 -0.38773624 
0.08072207 0.08508229 -0.15426839 -0.35473620 
0.05225458 0.15963456 -0.38390843 -0.62057792 
-0.02438062 0.16476801 -0.35202142 -0.49499384 
-0.00132572 0.01136034 -0.21908627 -0.31803677 
0.01746058 0.08540842 -0.31149096 -0.41451323 
-0.02174660 0.20604524 -0.32848704 -0.61884557 
-0.09561842 0.15825335 -0.33974928 -0.55455809 
0.08975402 0.17623862 -0.26246509 -0.38226203 
0.10072926 0.19809287 -0.32632001 -0.48518525 
0.18914815 0.10004761 -0.24983111 -0.34587266 
-0.08264928 0.06674436 -0.20481517 -0.30988411 
0.07700483 0.12734302 -0.25101275 -0.47451266 
0.06399326 0.09143479 -0.29016552 -0.47840635 
0.00608740 0.17284955 -0.19174131 -0.38051593 
0.07564868 0.14841037 -0.27163203 -0.48742054 
-0.05249498 0.14548192 -0.40310779 -0.52255753 
-0.09664283 0.07044121 -0.39799580 -0.45781333 
0.06885624 0.19125391 -0.22703959 -0.38578161 
0.03143116 0.11928588 -0.41389222 -0.55646405 
-0.17737421 0.05279324 -0.28951251 -0.45470787 
0.09350554 0.05987791 -0.15353408 -0.42291642 
0.05071768 0.16532333 -0.35196302 -0.54285458 
-0.01681783 0.22814999 -0.36347252 -0.58587428 
0.00025373 0.11956672 -0.19263333 -0.33925134 
0.02490693 0.11972282 -0.39921806 -0.37782995 
0.00552370 0.09102931 -0.45676266 -0.63937152 
-0.07996109 0.21120407 -0.35329803 -0.54163706 
0.07491221 0.11849745 -0.25933390 -0.39020035 
0.08353092 0.18768573 -0.39836146 -0.40427692 
0.13758597 0.08373981 -0.15641189 -0.45237613 
-0.08402799 0.04595021 -0.08582402 -0.28466192 
0.05956246 0.15707708 -0.35611291 -0.51479138 
0.04744423 0.12960658 -0.26154999 -0.44330001 
-0.00490196 0.11117640 -0.22781702 -0.42183456 
0.04870042 0.07989346 -0.16414026 -0.50111773 
-0.05008948 0.20518003 -0.45065317 -0.59984694 
-0.06631978 0.17630721 -0.35890095 -0.54048868 
0.03712633 0.08071974 -0.20564922 -0.38138330 
0.03017979 0.26156167 -0.42950968 -0.54868915 
-0.15383261 0.15033443 -0.29206796 -0.50070729 
0.06472459 0.13975074 -0.30672705 -0.35044817 
0.04592435 0.17116486 -0.42698745 -0.61417803 
-0.01511334 0.21904145 -0.35390701 -0.49566360 
0.03139848 0.09659055 -0.38248230 -0.33740491 
0.01814004 0.11256738 -0.34053811 -0.46829302 
0.00171496 0.19106603 -0.38765559 -0.50622721 
-0.09900335 0.15955555 -0.41593340 -0.66148882 
0.07251430 0.03865352 -0.28414183 -0.34153841 
0.07651777 0.06765848 -0.36954112 -0.36472288 
0.12047088 0.11241218 -0.13328828 -0.40149445 
-0.06062058 0.08502611 -0.15744580 -0.23614687 
0.07284819 0.09770880 -0.36184300 -0.41272670 
0.02311501 0.13583827 -0.25684726 -0.40582622 
-0.00016553 0.18666401 -0.25848382 -0.38524819 
0.02961856 0.13946337 -0.32473827 -0.31906177 
-0.07364632 0.11910331 -0.43442881 -0.57931267 
-0.04686174 0.17712637 -0.35280310 -0.52379672 
0.02293857 0.05620304 -0.13585981 -0.35002880 
0.02157403 0.12736118 -0.42964531 -0.57594326 
-0.14293420 0.10442294 -0.39972373 -0.53158513 
0.06391837 0.09766717 -0.23932976 -0.29826149 
0.05204897 0.04711899 -0.28434259 -0.53559937 
0.00858824 0.15281761 -0.43044468 -0.56873811 
0.04082259 0.18400255 -0.29031736 -0.28429786 
0.01824978 0.14323893 -0.31356234 -0.38271328 
0.00906431 0.04871907 -0.37176758 -0.49073448 
-0.08277482 0.24053736 -0.33618015 -0.43257784 
0.09233294 0.17303267 -0.28228443 -0.51115771 
0.07981423 0.11682825 -0.27426244 -0.37263685 
0.13896596 0.13722919 -0.25733298 -0.34109704 
-0.07860381 0.04988389 -0.23122106 -0.23948391 
0.09813534 0.16611648 -0.20902745 -0.45792276 
0.00116842 0.15032126 -0.26832812 -0.45569920 
-0.00400618 0.07034370 -0.22148459 -0.35048664 
0.03401313 0.13316912 -0.29459963 -0.31613588 
-0.09236222 0.12264849 -0.25582623 -0.52478326 
-0.06194682 0.21598439 -0.41821717 -0.50809239 
0.01830591 0.17376097 -0.24305661 -0.30899202 
0.02627496 0.09633405 -0.50518574 -0.55900447 
-0.13908197 0.07774337 -0.36960277 -0.56620904 
0.05257571 0.16067677 -0.22775097 -0.39970191 
0.01535565 0.12123834 -0.36494134 -0.56972378 
0.02633649 0.15359906 -0.37317930 -0.49560691 
0.03318094 0.08899154 -0.06549681 -0.38501351 
0.01206515 0.16877014 -0.35795733 -0.47706721 
0.00946894 0.23762029 -0.36637122 -0.56037678 
-0.06601396 0.25060479 -0.39345286 -0.60613934 
0.10064338 0.19008614 -0.23813763 -0.42742326 
0.07376812 0.22736589 -0.35412718 -0.40008281 
0.15402460 0.19355540 -0.17390606 -0.46813288 
-0.07439554 0.05923007 -0.20081848 -0.23429766 
0.06872657 0.13906303 -0.32697522 -0.38456469 
-0.00679153 0.12855105 -0.37866320 -0.44405408 
-0.00776611 0.03357198 -0.22204092 -0.30034897 
0.01828086 0.17425090 -0.16913547 -0.43211822 
-0.08243833 0.15675953 -0.36432700 -0.48125474 
-0.08551335 0.13166902 -0.17523393 -0.49816389 
0.02240692 0.10421605 -0.30329296 -0.52578701 
0.02665563 0.14566821 -0.37623230 -0.47489846 
-0.10829616 0.17468643 -0.31340459 -0.43838227 
0.02659306 0.15195633 -0.16262976 -0.32165470 
0.00574893 0.14725579 -0.27189296 -0.54650271 
0.03677729 0.15716988 -0.32396526 -0.52304860 
0.04028029 0.16311097 -0.22934086 -0.32900240 
0.00218542 0.11335311 -0.25425249 -0.48811157 
0.01340149 0.03057697 -0.32615452 -0.51089755 
-0.06000720 0.19308128 -0.29171161 -0.57822329 
0.07910091 0.15875261 -0.24992313 -0.36652760 
0.06213138 0.11375597 -0.27760592 -0.43316596 
0.10556212 0.12029299 -0.23327516 -0.35165571 
-0.05719615 -0.01005358 -0.15118456 -0.29095243 
0.03670708 0.14741414 -0.24546160 -0.43347055 
0.00466442 0.09000028 -0.28092984 -0.38905729 
-0.02434648 0.13015960 -0.17868758 -0.42442525 
0.00541617 0.11272750 -0.27868945 -0.29325455 
-0.08631573 0.15523049 -0.36471856 -0.53526573 
-0.07234046 0.21386816 -0.35638981 -0.53501103 
0.01894147 0.17070786 -0.19122396 -0.50185006 
0.03136390 0.19061932 -0.46543272 -0.65584371 
-0.09077997 0.10425354 -0.35690469 -0.49494236 
0.01447279 0.14268199 -0.31537462 -0.29138800 
0.00571395 0.14976183 -0.31653095 -0.47967589 
0.03098907 0.07824054 -0.36867601 -0.49990496 
0.04211925 0.08154141 -0.30762693 -0.40768429 
-0.02071815 0.12979080 -0.34028708 -0.42709040 
0.01222558 0.05309947 -0.43358589 -0.59182707 
-0.04693581 0.22668245 -0.30860811 -0.62293162 
0.06308785 0.07566954 -0.22478702 -0.34649013 
0.06545627 0.06548618 -0.21374343 -0.44969168 
0.08100138 0.10192603 -0.26166497 -0.30901530 
-0.05143270 0.03496943 -0.28200062 -0.21959658 
0.01723092 0.11806732 -0.28778825 -0.46751540 
0.01719985 0.15012568 -0.18981983 -0.40652917 
-0.03192514 0.10788576 -0.26488680 -0.45850138 
-0.00127653 0.07640955 -0.21262826 -0.34440318 
-0.08569895 0.11263264 -0.28161861 -0.51290428 
-0.07331574 0.17419083 -0.36388842 -0.54428215 
0.01730017 0.13306079 -0.25779174 -0.51084402 
0.03653443 0.24238921 -0.40828887 -0.63211838 
-0.08760042 0.03509846 -0.41583007 -0.44890577 
-0.00362182 0.10093686 -0.22074560 -0.30065044 
-0.01244735 0.14729633 -0.42643352 -0.58634611 
0.02373574 0.19300152 -0.29203780 -0.49188447 
0.03235172 0.15110596 -0.23829625 -0.38070363 
-0.02291305 0.16547886 -0.30310611 -0.43295907 
-0.00054887 0.13395321 -0.34868988 -0.56641774 
-0.03431185 0.07826316 -0.39928047 -0.56695075 
0.05679869 0.12647745 -0.28555170 -0.37422555 
0.04994568 0.05923679 -0.31608481 -0.39202008 
0.10292988 0.08056694 -0.24634213 -0.32345727 
-0.06532499 0.07666997 -0.06510990 -0.24225116 
0.01601688 0.12251862 -0.29293841 -0.37549573 
0.01201206 0.16802991 -0.26947560 -0.40426002 
-0.02876823 0.06691492 -0.22943036 -0.41970494 
-0.01784426 0.10243194 -0.27909859 -0.36186343 
-0.07553653 0.08835715 -0.37256182 -0.60748926 
-0.09509021 0.06022644 -0.30977490 -0.64394463 
0.03320338 0.15135856 -0.26130531 -0.47592825 
0.02726089 0.09267949 -0.35892969 -0.46844896 
-0.07208077 0.08722127 -0.40612167 -0.50261509 
-0.00190543 0.17667088 -0.14349117 -0.41544537 
-0.04713895 0.12392845 -0.36919508 -0.56350298 
0.03041217 0.20713504 -0.33282033 -0.49072790 
0.02281572 0.02994008 -0.23039238 -0.37875795 
-0.00636581 0.19826348 -0.27108331 -0.40868398 
0.01181941 0.14910753 -0.42854577 -0.49919336 
-0.01154613 0.16360611 -0.39700823 -0.53507854 
0.04327388 0.14522227 -0.25631499 -0.27245547 
0.02744642 0.17176652 -0.21982568 -0.33528508 
0.09886125 0.02728329 -0.21788189 -0.36346686 
-0.05696879 0.20634727 -0.23158461 -0.16350414 
-0.00192697 0.05950370 -0.31246974 -0.38954308 
0.01449598 0.11178813 -0.22137398 -0.37273786 
-0.02722813 0.19335178 -0.21557257 -0.36121507 
-0.00324004 0.05753183 -0.29074913 -0.45254879 
-0.06139124 0.13915734 -0.35581999 -0.65514451 
-0.09776322 0.20763945 -0.39848973 -0.51921392 
0.02086534 0.14393355 -0.26643328 -0.32137330 
0.03411938 0.18003557 -0.44681747 -0.57194207 
-0.04419474 0.10452267 -0.31430114 -0.51838335 
-0.00755271 0.04254454 -0.18504604 -0.26282222 
-0.05512086 0.21685697 -0.42691742 -0.60476969 
0.03218118 0.17641012 -0.32664185 -0.55948675 
0.02834289 0.06346650 -0.23516420 -0.36710021 
-0.02825949 0.15450561 -0.30634955 -0.42179073 
0.02058409 0.17481588 -0.40420653 -0.67243094 
0.00760718 0.21079188 -0.39635570 -0.63175178 
0.03644491 0.04967712 -0.14468224 -0.41265358 
0.01001019 0.23295868 -0.19439320 -0.36246779 
0.10232716 0.10651316 -0.30001319 -0.26321577 
-0.03136933 0.16555516 -0.06605858 -0.31239077 
-0.00476324 0.23967687 -0.30626167 -0.42040873 
0.00806467 0.12957484 -0.21411307 -0.35434279 
-0.03490728 0.08341276 -0.31153508 -0.29523356 
-0.00651121 0.11669093 -0.35286498 -0.36958804 
-0.05529428 0.12811019 -0.32386546 -0.62493809 
-0.09882712 0.20626709 -0.29651519 -0.52578502 
-0.01135603 0.06129616 -0.14250446 -0.38934391 
0.03981408 0.13492793 -0.38781522 -0.51472997 
-0.01706335 0.15724440 -0.40606227 -0.54264378 
-0.00742650 0.17786457 -0.27842361 -0.33152261 
-0.05065686 0.18840451 -0.34026930 -0.56307943 
0.02859305 0.19072559 -0.43289786 -0.55663853 
0.01338460 0.09743550 -0.21392066 -0.35173420 
-0.03519266 0.09847843 -0.28930295 -0.51392779 
0.01820652 0.19301727 -0.35544886 -0.55802170 
b1
0.53082328 0.40827332 -1.02497939 -1.52921465 
w2
9.56263626
3.08916305
-2.72377544
-3.54921789
b2
6.00254832
errfunc linear